0.02098,2409288620,2409299,0.02986
0.02785,2409501544,2409512,0.09160
0.02785,2409781140,2409792,0.12042
0.03052,2411717296,2411727,0.87114
0.03052,2411763464,2411774,0.02116
0.07057,2411831860,2411842,0.04655
0.02976,2411855776,2411867,0.05767
0.06828,2411879712,2411890,0.07316
0.12665,2411903644,2411914,0.09517
0.06218,2411928724,2411939,0.11123
0.09613,2411966164,2411976,0.14080
0.03586,2412003604,2412014,0.15934
0.04730,2412041040,2412052,0.18064
0.02632,2412078484,2412089,0.19611
0.03319,2412115924,2412127,0.21395
0.04005,2412153364,2412164,0.23303
0.06294,2412190804,2412201,0.25696
0.05150,2412228244,2412238,0.27860
0.04730,2412265684,2412276,0.29989
0.07248,2412303136,2412314,0.32626
0.02022,2412362792,2412374,0.02199
0.02174,2412798112,2412809,0.16531
0.06371,2412822032,2412832,0.18027
0.21820,2412845984,2412857,0.21036
0.33188,2412869920,2412880,0.24451
0.42992,2412894960,2412906,0.28844
0.49210,2412932400,2412943,0.35533
0.54093,2412969844,2412981,0.42736
0.67216,2413007280,2413018,0.50553
0.75685,2413044724,2413056,0.59073
0.75189,2413082160,2413092,0.67118
0.74464,2413119600,2413130,0.75568
0.70459,2413157040,2413167,0.83572
0.73777,2413194480,2413205,0.91983
0.70039,2413231924,2413243,1.00179
0.73167,2413269360,2413280,1.08335
0.72976,2413306804,2413318,1.16701
0.81369,2413344240,2413355,1.25302
0.88617,2413381680,2413392,1.34278
0.95369,2413419120,2413429,1.43590
0.92622,2413456560,2413467,1.53015
0.90181,2413494000,2413504,1.62070
0.85107,2413531440,2413542,1.71104
0.86862,2413568884,2413580,1.80231
0.89647,2413606320,2413617,1.89259
0.91402,2413643764,2413655,1.98622
0.83009,2413681200,2413691,2.07075
0.85832,2413718640,2413729,2.16147
0.81025,2413756080,2413766,2.24730
0.85908,2413793520,2413804,2.33807
0.83124,2413830964,2413842,2.42736
0.85107,2413868400,2413879,2.51532
0.84154,2413905844,2413917,2.60516
0.84154,2413943280,2413954,2.69263
0.87472,2413980720,2413991,2.78181
0.92966,2414018160,2414028,2.87375
0.94873,2414055600,2414066,2.96913
0.96094,2414093040,2414104,3.06513
1.03075,2414130480,2414141,3.16194
1.03761,2414167924,2414179,3.26169
1.00175,2414205360,2414216,3.35713
0.99565,2414242804,2414254,3.45484
1.00290,2414280240,2414290,3.54775
0.94491,2414317680,2414328,3.64295
0.96246,2414355120,2414365,3.73649
1.07958,2414392560,2414403,3.83824
1.09712,2414430004,2414441,3.94082
1.10819,2414467440,2414478,4.04120
1.16045,2414504884,2414516,4.14669
1.18219,2414542320,2414553,4.25037
1.21805,2414579760,2414590,4.35560
1.27298,2414617200,2414627,4.46318
1.40192,2414654640,2414665,4.57913
1.53429,2414692080,2414703,4.70044
1.58045,2414729520,2414740,4.82031
1.53658,2414766964,2414778,4.94170
1.53010,2414804400,2414815,5.05965
1.60487,2414841844,2414853,5.18371
1.65522,2414879280,2414889,5.30307
1.69909,2414916720,2414927,5.43072
1.71397,2414954160,2414964,5.55555
1.58999,2414991600,2415002,5.67904
1.47326,2415029044,2415040,5.79790
1.47173,2415066480,2415077,5.91358
1.40612,2415103924,2415115,6.02970
1.38933,2415141360,2415152,6.14210
1.41566,2415178800,2415190,6.25861
1.40269,2415216240,2415226,6.36849
1.44617,2415253680,2415264,6.48626
1.53925,2415291124,2415302,6.60776
1.55222,2415328560,2415339,6.72655
1.48737,2415366004,2415377,6.84599
1.46372,2415403440,2415414,6.96135
1.34852,2415440884,2415452,7.07507
1.31151,2415478320,2415489,7.18427
1.24056,2415515760,2415526,7.29047
1.20737,2415553200,2415563,7.39524
1.13527,2415590640,2415601,7.49959
1.04448,2415628084,2415639,7.59967
1.03227,2415665520,2415676,7.69655
0.94415,2415702964,2415714,7.79171
0.97314,2415740400,2415751,7.88577
0.92813,2415777840,2415789,7.98011
0.89647,2415815280,2415825,8.06795
0.88617,2415852720,2415863,8.16014
0.82589,2415890160,2415901,8.24914
0.75875,2415927600,2415938,8.33220
0.69657,2415965044,2415976,8.41393
0.76295,2416002480,2416013,8.49722
0.74121,2416039924,2416051,8.58153
0.69238,2416077360,2416088,8.66087
0.70382,2416114800,2416125,8.74086
0.64240,2416152240,2416162,8.81729
0.56687,2416189680,2416200,8.89102
0.54971,2416227124,2416238,8.96363
0.51537,2416264560,2416275,9.03208
0.47990,2416302004,2416313,9.09992
0.44747,2416339440,2416350,9.16371
0.02289,2417277392,2417288,0.36571
0.09766,2417301320,2417312,0.38504
0.13619,2418092404,2418103,0.75227
0.02441,2418338676,2418350,0.09946
0.02365,2419407660,2419419,0.42368
0.03243,2419576116,2419587,0.07796
0.04196,2419600028,2419610,0.09010
0.03853,2419623956,2419635,0.10275
0.02174,2419647896,2419658,0.11149
0.02098,2419672968,2419684,0.12120
0.04196,2419710408,2419721,0.14073
0.07858,2419747856,2419759,0.16818
0.05608,2419785292,2419795,0.19015
0.20333,2419822728,2419833,0.23431
0.07515,2419860168,2419870,0.26045
0.02632,2420364608,2420375,0.21114
0.05417,2420388532,2420399,0.22554
0.17624,2420412480,2420423,0.25150
0.30747,2420436416,2420447,0.28580
0.42840,2420461472,2420472,0.32797
0.56611,2420498912,2420509,0.39971
0.79194,2420536352,2420547,0.48686
0.92355,2420573792,2420584,0.57850
1.10475,2420611232,2420622,0.68143
1.16312,2420648672,2420659,0.78426
1.11543,2420686112,2420697,0.88769
1.33021,2420723552,2420734,0.99766
1.35882,2420760992,2420771,1.10881
1.22225,2420798428,2420809,1.21708
1.22148,2420835872,2420846,1.32247
1.32258,2420873312,2420884,1.43509
1.27375,2420910752,2420921,1.54270
1.15892,2420948192,2420959,1.64813
1.20737,2420985640,2420997,1.75573
1.23445,2421023072,2421033,1.85881
1.17418,2421060512,2421071,1.96493
1.11200,2421097952,2421108,2.06548
1.12497,2421135392,2421146,2.16935
1.07347,2421172828,2421183,2.26814
1.10208,2421210272,2421221,2.37094
1.13451,2421247712,2421258,2.47251
1.19364,2421285152,2421296,2.57950
1.18906,2421322592,2421334,2.68629
1.26230,2421360032,2421370,2.79052
1.32372,2421397468,2421408,2.90319
1.27642,2421434912,2421445,3.01092
1.24743,2421472352,2421483,3.12029
1.33021,2421509792,2421520,3.23027
1.31495,2421547232,2421558,3.34257
1.26955,2421584680,2421596,3.45291
1.29053,2421622112,2421633,3.56123
1.26688,2421659552,2421670,3.66855
1.33440,2421696992,2421707,3.77870
1.37293,2421734432,2421745,3.89345
1.31228,2421771872,2421782,4.00268
1.36492,2421809312,2421820,4.11709
1.33783,2421846752,2421857,4.22738
1.33898,2421884192,2421895,4.34069
1.36263,2421921632,2421933,4.45501
1.39544,2421959072,2421969,4.56460
1.47860,2421996512,2422007,4.68368
1.47517,2422033952,2422044,4.79949
1.40536,2422071392,2422082,4.91559
1.39658,2422108832,2422119,5.02827
1.44007,2422146272,2422157,5.14579
1.49348,2422183720,2422195,5.26547
1.51598,2422221152,2422232,5.38287
1.55222,2422258592,2422269,5.50167
1.54536,2422296032,2422306,5.62020
1.51102,2422333472,2422344,5.74058
1.45686,2422370912,2422381,5.85567
1.48127,2422408352,2422419,5.97486
1.53086,2422445792,2422456,6.09284
1.56367,2422483232,2422494,6.21530
1.58198,2422520672,2422532,6.33847
1.47173,2422558112,2422568,6.45102
1.43320,2422595552,2422606,6.56826
1.38094,2422632992,2422643,6.68031
1.29664,2422670432,2422681,6.79182
1.23903,2422707872,2422718,6.89796
1.29053,2422745312,2422756,7.00921
1.23903,2422782760,2422794,7.11821
1.28786,2422820192,2422831,7.22642
1.23789,2422857632,2422868,7.33251
1.29282,2422895072,2422905,7.44093
1.25811,2422932512,2422943,7.55077
1.17609,2422969952,2422980,7.65418
1.07614,2423007392,2423018,7.75577
1.09178,2423044832,2423055,7.85540
1.06889,2423082272,2423093,7.95665
1.08301,2423119712,2423131,8.05856
1.04372,2423157152,2423168,8.15598
0.95369,2423194592,2423205,8.24909
0.91592,2423232032,2423242,8.34035
0.88693,2423269472,2423280,8.43258
0.99641,2423306912,2423317,8.52776
0.97124,2423344352,2423355,8.62427
1.02350,2423381800,2423393,8.72334
0.96170,2423419232,2423430,8.81685
0.95979,2423456672,2423468,8.91279
0.99298,2423494112,2423504,9.00524
0.91745,2423531552,2423542,9.09904
0.04349,2462093736,2462104,0.07846
0.43450,2463418312,2463429,2.25082
0.11711,2463453352,2463464,0.03087
0.02976,2463477272,2463488,0.04154
0.02899,2463512332,2463523,0.01536
0.02899,2463858696,2463869,0.15183
0.14038,2463882632,2463893,0.17500
0.39330,2463906560,2463918,0.21540
0.60006,2463930496,2463941,0.26132
0.91402,2463955572,2463966,0.32291
1.41299,2463993012,2464004,0.43932
1.75669,2464030452,2464041,0.56570
1.86084,2464067892,2464078,0.69578
1.64492,2464105332,2464116,0.82137
1.97223,2464142772,2464153,0.95528
2.33349,2464180212,2464191,1.10488
2.41283,2464217652,2464228,1.25299
2.40063,2464255092,2464266,1.40472
2.41817,2464292532,2464303,1.55300
2.43725,2464329972,2464340,1.70186
2.58373,2464367412,2464378,1.85927
2.44182,2464404852,2464415,2.00827
2.41550,2464442292,2464453,2.16047
2.62379,2464479728,2464490,2.31493
2.65621,2464517172,2464528,2.47453
2.62112,2464554612,2464565,2.62891
2.61959,2464592052,2464603,2.78741
2.79927,2464629492,2464641,2.95125
2.78286,2464666932,2464677,3.10602
2.63600,2464704372,2464715,3.26501
2.58984,2464741812,2464752,3.41846
2.39033,2464779248,2464790,3.56987
2.38308,2464816692,2464827,3.71707
2.33272,2464854132,2464865,3.86664
2.33005,2464891572,2464902,4.01219
2.36934,2464929012,2464940,4.16293
2.27932,2464966452,2464977,4.30688
2.39376,2465003892,2465014,4.45441
2.34035,2465041332,2465052,4.60423
2.26635,2465078772,2465089,4.74777
2.25452,2465116212,2465127,4.89481
2.30564,2465153652,2465164,5.03960
2.23011,2465191092,2465202,5.18584
2.12024,2465228532,2465240,5.32844
2.04776,2465265972,2465276,5.46120
1.83223,2465303412,2465314,5.59376
1.71817,2465340852,2465351,5.71874
1.68956,2465378288,2465389,5.84604
1.69375,2465415732,2465426,5.97013
1.65713,2465453172,2465464,6.09620
1.61173,2465490612,2465501,6.21725
1.68765,2465528052,2465539,6.34447
1.60372,2465565492,2465576,6.46522
1.54192,2465602932,2465613,6.58362
1.53086,2465640372,2465651,6.70479
1.41756,2465677812,2465688,6.81832
1.48394,2465715252,2465726,6.93761
1.51598,2465752692,2465763,7.05502
1.53162,2465790132,2465801,7.17621
1.47593,2465827572,2465839,7.29518
1.39658,2465865012,2465875,7.40482
1.29664,2465902452,2465913,7.51634
1.35386,2465939892,2465950,7.62728
1.32677,2465977328,2465988,7.74008
1.32372,2466014772,2466025,7.84979
1.29664,2466052212,2466063,7.96130
1.21080,2466089652,2466100,8.06622
1.21080,2466127092,2466138,8.17398
1.21538,2466164532,2466176,8.28194
1.16808,2466201972,2466212,8.38221
1.16197,2466239412,2466250,8.48778
1.05859,2466276852,2466287,8.58588
1.02121,2466314292,2466325,8.68485
0.91325,2466351732,2466362,8.77597
0.84154,2466389172,2466400,8.86581
0.06638,2466426612,2466438,8.89104
0.02174,2467186700,2467197,0.28843
0.02022,2467332924,2467344,0.05387
0.03243,2467356840,2467367,0.06454
0.13619,2467380768,2467391,0.08736
0.11864,2467404704,2467416,0.10956
0.02289,2469219568,2469230,0.70725
0.02632,2469699292,2469709,0.20027
0.10910,2469734332,2469745,0.03064
0.05684,2469758252,2469769,0.04539
0.17281,2469782176,2469792,0.07003
0.08202,2469817228,2469828,0.02657
0.03662,2469841168,2469852,0.03841
0.02289,2470148996,2470160,0.12009
0.07515,2470172916,2470183,0.13633
0.19570,2470196856,2470207,0.16370
0.29679,2470220816,2470232,0.19879
0.43603,2470245864,2470256,0.23963
0.65728,2470283304,2470294,0.31903
0.78050,2470320744,2470331,0.40327
0.85107,2470358184,2470369,0.49361
1.04982,2470395624,2470406,0.59131
1.20928,2470433064,2470444,0.69900
1.24056,2470470508,2470481,0.80521
1.32830,2470507944,2470518,0.91510
1.33707,2470545388,2470556,1.02834
1.29931,2470582824,2470593,1.13703
1.36759,2470620264,2470631,1.25155
1.39467,2470657704,2470668,1.36416
1.32830,2470695144,2470706,1.47702
1.41909,2470732588,2470744,1.59368
1.59609,2470770024,2470780,1.71089
1.61173,2470807468,2470818,1.83522
1.56443,2470844904,2470855,1.95448
1.58389,2470882344,2470893,2.07773
1.56100,2470919784,2470930,2.19686
1.59609,2470957224,2470968,2.32058
1.66133,2470994664,2471005,2.44348
1.68765,2471032104,2471043,2.57070
1.77996,2471069548,2471080,2.69792
1.88678,2471106984,2471117,2.82889
1.94896,2471144428,2471155,2.96561
2.10803,2471181864,2471192,3.10405
2.14923,2471219304,2471230,3.24762
2.19539,2471256744,2471267,3.38890
2.21790,2471294184,2471305,3.53474
2.34035,2471331628,2471343,3.68456
2.49523,2471369064,2471379,3.83111
2.58183,2471406508,2471417,3.98846
2.42695,2471443944,2471454,4.13701
2.48531,2471481384,2471492,4.29139
2.60128,2471518824,2471529,4.44518
2.66995,2471556264,2471567,4.60520
2.62303,2471593704,2471604,4.75963
2.51125,2471631144,2471642,4.91481
2.62303,2471668588,2471680,5.07342
2.68482,2471706024,2471716,5.22544
2.71115,2471743468,2471754,5.38668
2.67720,2471780904,2471791,5.54270
2.61845,2471818344,2471829,5.70116
2.57153,2471855784,2471866,5.85407
2.60128,2471893224,2471904,6.01202
2.41360,2471930668,2471942,6.16416
2.31594,2471968104,2471979,6.30927
2.43381,2472005548,2472016,6.45802
2.26520,2472042984,2472053,6.60153
2.28199,2472080424,2472091,6.74947
2.06264,2472117864,2472128,6.88641
2.07752,2472155304,2472166,7.02756
2.07218,2472192744,2472204,7.16853
2.12024,2472230184,2472241,7.30738
2.12024,2472267628,2472279,7.44997
2.13512,2472305064,2472315,7.58553
2.17708,2472342508,2472353,7.73003
2.21027,2472379944,2472390,7.87179
2.08438,2472417384,2472428,8.01317
1.76013,2472454824,2472465,8.13968
1.60296,2472492264,2472503,8.26366
1.51713,2472529708,2472541,8.38428
1.27031,2472567144,2472578,8.49175
1.07500,2472604588,2472615,8.59062
1.07614,2472642024,2472652,8.68953
1.06737,2472679464,2472690,8.79071
0.24262,2472728024,2472738,0.06093
0.02518,2473187932,2473198,0.18810
0.03319,2473378620,2473390,0.09014
0.05684,2474703236,2474714,0.81347
0.02022,2474860560,2474871,0.05753
0.02022,2474917820,2474929,0.02125
0.03586,2475186332,2475197,0.13079
0.05341,2475210264,2475220,0.14448
0.05837,2475234208,2475245,0.16005
0.03128,2475269288,2475280,0.01595
0.07668,2475293208,2475303,0.03237
0.06714,2475342872,2475354,0.03406
0.10834,2475377932,2475388,0.02884
0.03243,2475412996,2475423,0.01624
0.02174,2475436936,2475448,0.02574
0.02708,2475603828,2475615,0.07083
0.12322,2475627744,2475638,0.09163
0.56878,2475651668,2475662,0.13828
0.87320,2475675616,2475686,0.19608
1.21462,2475700692,2475711,0.26708
1.77234,2475738132,2475749,0.39745
2.75845,2475775572,2475786,0.55582
3.39895,2475813012,2475824,0.73637
3.94179,2475850452,2475860,0.92056
4.31144,2475887892,2475898,1.12390
4.82528,2475925328,2475936,1.33902
5.32120,2475962772,2475973,1.55897
5.62486,2476000208,2476011,1.79123
5.62486,2476037652,2476048,2.01738
5.62486,2476075092,2476086,2.24963
5.62486,2476112532,2476123,2.47578
5.62486,2476149972,2476161,2.70804
5.62486,2476187424,2476198,2.93418
5.62486,2476224852,2476235,3.16033
5.62486,2476262288,2476273,3.39258
5.62486,2476299732,2476310,3.61873
5.62486,2476337172,2476348,3.85099
5.62486,2476374612,2476385,4.07713
5.62486,2476412052,2476423,4.30939
5.62486,2476449492,2476460,4.53553
5.62486,2476486932,2476497,4.76168
5.62486,2476524372,2476535,4.99393
5.62486,2476561812,2476572,5.22008
5.62486,2476599252,2476610,5.45233
5.62486,2476636692,2476647,5.67848
5.62486,2476674132,2476685,5.91074
5.62486,2476711572,2476722,6.13688
5.54665,2476749012,2476760,6.36752
5.21820,2476786464,2476797,6.58533
4.60479,2476823892,2476834,6.78995
4.47089,2476861332,2476872,6.99702
4.44533,2476898772,2476909,7.19806
3.93301,2476936212,2476947,7.39227
3.55077,2476973652,2476984,7.57194
3.23262,2477011092,2477022,7.74802
3.02815,2477048532,2477059,7.91395
2.76532,2477085972,2477096,8.07251
2.27741,2477123408,2477134,8.22030
0.05608,2477160852,2477171,8.24288
0.02022,2539647116,2539658,0.13522
0.04463,2539704392,2539715,0.03103
0.02098,2540562100,2540572,0.31991
0.05226,2540641620,2540652,0.04713
0.06027,2540754484,2540765,0.07149
0.06714,2540778404,2540789,0.08752
0.04196,2540802336,2540813,0.10019
0.05150,2540826260,2540836,0.11364
0.02632,2540851352,2540862,0.12451
0.03243,2540899912,2540910,0.02227
0.08736,2540970728,2540981,0.05408
0.04616,2540994652,2541005,0.06737
0.32311,2541063056,2541074,0.10108
0.07439,2541086972,2541097,0.11724
0.04273,2541122024,2541132,0.01864
0.02022,2541145952,2541157,0.02780
0.02289,2541358920,2541370,0.08305
0.02632,2541382844,2541393,0.09266
0.04005,2541406776,2541417,0.10504
0.13428,2541430696,2541442,0.12865
0.37423,2541455800,2541466,0.16649
0.99489,2541493240,2541504,0.26416
1.44274,2541530680,2541541,0.37870
1.72351,2541568120,2541579,0.50726
2.03746,2541605560,2541616,0.64337
2.00389,2541643000,2541654,0.78199
2.25910,2541680440,2541691,0.92531
2.57420,2541717880,2541728,1.07830
2.49905,2541755320,2541766,1.23311
2.49905,2541792760,2541803,1.38384
2.59861,2541830200,2541841,1.54171
2.79850,2541867640,2541878,1.70122
3.05791,2541905080,2541916,1.87247
3.11360,2541942520,2541954,2.04527
3.15366,2541979960,2541990,2.21002
3.46990,2542017400,2542028,2.39244
3.28641,2542054840,2542065,2.56530
3.27764,2542092276,2542103,2.74260
3.43900,2542129720,2542140,2.91942
3.69345,2542167160,2542178,3.10763
3.65873,2542204600,2542215,3.29002
3.59274,2542242040,2542253,3.47564
3.83536,2542279480,2542290,3.66237
3.92462,2542316920,2542327,3.85127
3.71633,2542354360,2542365,4.04006
3.82734,2542391800,2542402,4.22660
4.02266,2542429240,2542440,4.42302
3.92386,2542466680,2542477,4.61190
3.75753,2542504120,2542515,4.80173
3.69116,2542541560,2542553,4.98987
3.77050,2542579000,2542589,5.17002
3.43824,2542616440,2542627,5.35161
3.27916,2542653880,2542664,5.52428
3.19715,2542691320,2542702,5.69938
3.36500,2542728760,2542739,5.87429
3.21851,2542766200,2542777,6.04998
3.39704,2542803640,2542814,6.22572
3.54734,2542841080,2542852,6.41017
3.29862,2542878520,2542889,6.58335
3.24483,2542915960,2542926,6.75511
3.31693,2542953400,2542964,6.93346
3.35012,2542990840,2543001,7.10799
3.32914,2543028280,2543039,7.28667
3.35546,2543065720,2543076,7.46134
3.35546,2543103160,2543114,7.64072
3.21279,2543140600,2543152,7.81625
2.99611,2543178040,2543188,7.97684
3.09644,2543215480,2543226,8.14916
3.00221,2543252920,2543263,8.31438
2.74891,2543290360,2543301,8.47675
2.53490,2543327800,2543338,8.62856
0.16327,2543365240,2543376,8.66813
0.04730,2543880752,2543891,0.28866
0.02441,2544227052,2544237,0.13932
0.02098,2545496040,2545507,0.47408
0.03853,2545742284,2545753,0.12444
0.02174,2545799544,2545810,0.02166
0.05760,2545834576,2545845,0.02165
0.35935,2545891836,2545902,0.08806
0.11368,2545926880,2545937,0.03041
0.03738,2545950812,2545961,0.04237
0.02174,2545985852,2545996,0.01330
0.02289,2546254384,2546265,0.10488
0.06447,2546278312,2546289,0.12058
0.28382,2546302244,2546313,0.15353
0.49554,2546326192,2546336,0.19526
0.93233,2546351244,2546362,0.25996
2.05234,2546388684,2546399,0.39656
2.49523,2546426124,2546437,0.55125
2.71382,2546463568,2546475,0.71258
2.97665,2546501004,2546511,0.87264
3.35966,2546538448,2546549,1.05214
3.33181,2546575884,2546586,1.22619
3.58587,2546613324,2546624,1.41163
3.74876,2546650764,2546661,1.59625
4.04288,2546688204,2546699,1.79316
3.92462,2546725648,2546737,1.98716
3.87617,2546763084,2546774,2.17489
3.78538,2546800528,2546811,2.36041
3.89601,2546837964,2546848,2.54862
3.78538,2546875404,2546886,2.73915
3.76097,2546912844,2546923,2.92407
4.01999,2546950284,2546961,3.12042
3.95857,2546987724,2546998,3.31013
4.19280,2547025164,2547036,3.51065
4.13100,2547062608,2547074,3.70969
4.27901,2547100044,2547110,3.90161
4.28588,2547137488,2547148,4.10434
4.40681,2547174924,2547185,4.30451
4.40528,2547212364,2547223,4.51005
4.45335,2547249808,2547260,4.71127
4.63874,2547287244,2547298,4.92219
4.77111,2547324688,2547336,5.13610
4.72267,2547362124,2547373,5.34331
4.64942,2547399568,2547410,5.54892
4.39727,2547437004,2547447,5.74887
4.31144,2547474444,2547485,5.95221
4.21454,2547511884,2547522,6.14796
4.19814,2547549324,2547560,6.34861
4.34539,2547586768,2547597,6.54738
4.31296,2547624204,2547635,6.75076
4.11498,2547661648,2547673,6.94941
3.86320,2547699084,2547709,7.13176
3.46113,2547736528,2547747,7.31395
3.25284,2547773964,2547784,7.48592
2.94499,2547811404,2547822,7.65398
2.36591,2547848844,2547859,7.80065
2.00809,2547886284,2547897,7.93942
1.86542,2547923728,2547935,8.07317
1.89097,2547961164,2547972,8.20429
1.66400,2547998608,2548009,8.32729
1.64149,2548036044,2548046,8.44946
1.47250,2548073484,2548084,8.56829
0.43336,2548110924,2548121,8.63106
0.02441,2548148364,2548159,8.64636
0.02518,2548552716,2548563,0.16520
0.03319,2549777232,2549788,0.57512
0.02365,2550223596,2550234,0.17676
0.03052,2550247536,2550258,0.18757
0.03243,2550271472,2550282,0.19871
0.10910,2550306556,2550318,0.03064
0.04196,2550341604,2550352,0.01795
0.06027,2550376676,2550387,0.02214
0.03319,2550567360,2550578,0.08967
0.07324,2550591272,2550602,0.10641
0.07782,2550615216,2550626,0.12366
0.07935,2550639152,2550649,0.14036
0.04196,2550675336,2550686,0.01953
0.04120,2550712780,2550723,0.01935
0.02365,2550739100,2550750,0.03006
0.02174,2551043396,2551054,0.11552
0.10567,2551067316,2551077,0.13479
0.49554,2551091268,2551102,0.18015
0.96857,2551115220,2551126,0.24102
1.31037,2551140252,2551151,0.31477
1.54116,2551177692,2551188,0.43314
1.83223,2551215136,2551226,0.56570
2.01267,2551252572,2551263,0.70097
2.10460,2551290012,2551301,0.84304
2.42161,2551327452,2551337,0.98741
2.32471,2551364892,2551375,1.13673
2.55322,2551402332,2551413,1.29321
2.68139,2551439772,2551450,1.44934
2.94728,2551477212,2551488,1.61747
3.28450,2551514656,2551525,1.79027
3.29328,2551552092,2551563,1.96799
3.48287,2551589532,2551600,2.14594
3.59770,2551626972,2551638,2.33169
3.55802,2551664416,2551675,2.51155
3.47333,2551701852,2551712,2.68926
3.50538,2551739292,2551750,2.87261
3.61410,2551776736,2551787,3.05388
3.40696,2551814172,2551825,3.23464
3.36385,2551851612,2551862,3.40952
3.53513,2551889052,2551900,3.59365
3.39208,2551926496,2551937,3.76926
3.44511,2551963932,2551974,3.94625
3.28985,2552001372,2552012,4.12387
3.31617,2552038812,2552049,4.29751
3.39361,2552076252,2552087,4.47791
3.27115,2552113692,2552124,4.65037
3.19104,2552151136,2552162,4.82531
3.21851,2552188572,2552199,4.99637
3.37186,2552226012,2552237,5.17619
3.27764,2552263456,2552274,5.34882
3.14031,2552300892,2552311,5.51780
3.19295,2552338336,2552349,5.69278
3.13268,2552375772,2552386,5.86155
3.12047,2552413212,2552424,6.03454
3.10674,2552450656,2552461,6.20261
3.14908,2552488092,2552499,6.37639
2.90951,2552525536,2552536,6.53904
2.86412,2552562972,2552573,6.70041
2.83703,2552600412,2552611,6.86536
2.81147,2552637852,2552648,7.02524
2.64057,2552675296,2552686,7.18437
2.46433,2552712732,2552723,7.33406
2.48264,2552750176,2552761,7.48836
2.54253,2552787612,2552798,7.64040
2.44182,2552825052,2552836,7.79343
2.29496,2552862500,2552873,7.93788
2.34913,2552899932,2552910,8.08403
2.53376,2552937372,2552948,8.23991
2.43725,2552974816,2552985,8.38877
2.14313,2553012252,2553023,8.53213
1.94629,2553049696,2553060,8.66516
0.07057,2553087132,2553098,8.69117
0.02174,2553547068,2553558,0.17481
0.07172,2553570996,2553581,0.19068
0.04196,2553750548,2553761,0.09502
0.06218,2554408172,2554419,0.42285
0.02022,2554509908,2554520,0.03701
0.04997,2554778432,2554789,0.15497
0.04196,2555491628,2555502,0.37640
0.06218,2555515548,2555526,0.39182
0.09689,2555539496,2555550,0.41107
0.09880,2555563436,2555574,0.43052
0.09422,2555588492,2555599,0.45029
0.14153,2555625928,2555636,0.48616
0.03319,2555674496,2555685,0.02300
0.02708,2556345648,2556356,0.28459
0.04120,2556369568,2556380,0.29714
0.24605,2556393512,2556404,0.32782
0.50851,2556417456,2556428,0.37193
0.94263,2556442508,2556453,0.43448
1.78492,2556479952,2556490,0.56187
2.16907,2556517392,2556528,0.70610
2.31785,2556554832,2556565,0.85127
2.65354,2556592272,2556603,1.01079
2.68406,2556629712,2556640,1.16701
2.80041,2556667152,2556678,1.33089
3.06058,2556704592,2556716,1.50221
3.19715,2556742032,2556752,1.66810
3.35889,2556779472,2556790,1.84757
3.53170,2556816912,2556827,2.02677
3.69497,2556854352,2556865,2.21501
3.65949,2556891792,2556902,2.39742
3.42947,2556929232,2556940,2.57877
3.30816,2556966676,2556978,2.75689
3.60647,2557004112,2557015,2.93797
3.69116,2557041552,2557052,3.12116
3.70031,2557078992,2557089,3.30459
3.64309,2557116432,2557127,3.49150
3.66560,2557153872,2557164,3.67406
3.49851,2557191312,2557202,3.85723
3.59693,2557228752,2557239,4.03807
3.26848,2557266192,2557277,4.21512
3.27420,2557303632,2557315,4.39232
3.24750,2557341072,2557351,4.55951
3.30816,2557378512,2557389,4.73763
3.26505,2557415952,2557426,4.90992
3.26123,2557453392,2557464,5.08677
3.11017,2557490832,2557501,5.25493
3.07088,2557528272,2557539,5.42654
3.16854,2557565716,2557577,5.60086
3.12200,2557603152,2557614,5.76934
3.03616,2557640592,2557651,5.93549
3.12543,2557678032,2557688,6.10406
3.14298,2557715472,2557726,6.27767
3.25780,2557752912,2557763,6.44978
3.22461,2557790352,2557801,6.62563
3.19181,2557827792,2557838,6.79599
3.02129,2557865232,2557876,6.96621
2.89616,2557902672,2557914,7.13286
2.74014,2557940112,2557950,7.28644
2.56352,2557977552,2557988,7.44323
2.41970,2558014992,2558025,7.59156
2.33005,2558052432,2558063,7.74104
2.20417,2558089872,2558100,7.88260
2.06989,2558127312,2558138,8.02350
1.90166,2558164756,2558176,8.15854
2.00465,2558202192,2558213,8.29355
2.05844,2558239632,2558251,8.43405
1.73381,2558277072,2558287,8.55621
1.54612,2558314512,2558325,8.67798
1.17609,2558351952,2558362,8.78138
0.04730,2558411632,2558423,0.03419
0.04120,2580965920,2580976,0.33896
0.08278,2580989840,2581001,0.35750
0.06104,2581013776,2581024,0.37214
0.06027,2581582408,2581593,0.36000
0.04005,2581661912,2581672,0.04075
0.02899,2583242188,2583252,0.69331
0.07324,2583266124,2583277,0.71075
0.02174,2583534692,2583545,0.10184
0.25597,2583558604,2583569,0.13314
0.07172,2583593676,2583604,0.02416
0.04005,2583617616,2583628,0.03653
0.02976,2584130724,2584141,0.22805
0.10910,2584154648,2584165,0.24848
0.33913,2584178584,2584189,0.28450
0.51652,2584202512,2584213,0.32895
0.74197,2584227600,2584239,0.38666
1.04295,2584265036,2584275,0.48141
1.16121,2584302476,2584313,0.58694
1.19860,2584339912,2584350,0.69133
1.22148,2584377360,2584388,0.79956
1.17609,2584414792,2584425,0.90297
1.45686,2584452232,2584463,1.02117
1.58541,2584489672,2584500,1.14123
1.42786,2584527112,2584538,1.25825
1.43053,2584564552,2584576,1.37538
1.45686,2584601996,2584612,1.48736
1.46448,2584639436,2584650,1.60587
1.49691,2584676876,2584687,1.72253
1.49615,2584714312,2584725,1.84232
1.46296,2584751752,2584762,1.95765
1.32944,2584789192,2584800,2.07056
1.36339,2584826640,2584838,2.18491
1.23713,2584864072,2584875,2.29097
1.18982,2584901516,2584912,2.39497
1.21691,2584938956,2584949,2.50016
1.21614,2584976400,2584987,2.60816
1.10475,2585013832,2585024,2.70838
1.17609,2585051272,2585062,2.81458
1.24933,2585088712,2585099,2.92116
1.19173,2585126152,2585137,3.02807
1.22301,2585163596,2585175,3.13637
1.23789,2585201032,2585211,3.23959
1.22683,2585238472,2585249,3.34806
1.26955,2585275912,2585286,3.45549
1.39734,2585313352,2585324,3.57126
1.42519,2585350792,2585361,3.68509
1.56710,2585388236,2585399,3.80768
1.68765,2585425680,2585437,3.93490
1.69566,2585463116,2585474,4.05907
1.64836,2585500552,2585511,4.18149
1.60639,2585537992,2585548,4.30234
1.66400,2585575440,2585586,4.42866
1.72961,2585612876,2585623,4.55407
1.79217,2585650312,2585661,4.68517
1.88754,2585687752,2585698,4.81617
1.64149,2585725192,2585736,4.94164
1.51102,2585762636,2585774,5.06202
1.64225,2585800072,2585810,5.18091
1.62470,2585837512,2585848,5.30573
1.70520,2585874956,2585885,5.43025
1.66934,2585912392,2585923,5.55677
1.58465,2585949836,2585960,5.67681
1.54116,2585987272,2585998,5.79838
1.49348,2586024724,2586036,5.91806
1.40002,2586062152,2586073,6.03088
1.48013,2586099592,2586110,6.14689
1.52323,2586137032,2586147,6.26457
1.45151,2586174480,2586185,6.38255
1.51179,2586211916,2586222,6.49979
1.60029,2586249352,2586260,6.62368
1.52399,2586286796,2586297,6.74139
1.42023,2586324232,2586335,6.85809
1.41146,2586361672,2586373,6.97444
1.32753,2586399112,2586409,7.08133
1.38323,2586436552,2586447,7.19651
1.31495,2586473992,2586484,7.30585
1.31571,2586511432,2586522,7.41818
1.33898,2586548872,2586559,7.52852
1.37217,2586586312,2586597,7.64323
1.40192,2586623764,2586635,7.75918
1.46639,2586661192,2586672,7.87465
1.53849,2586698636,2586710,7.99612
1.54726,2586736076,2586746,8.11152
1.41909,2586773520,2586784,8.22818
1.29740,2586810952,2586821,8.33679
1.28061,2586848396,2586859,8.44761
1.23522,2586885832,2586896,8.55358
1.27642,2586923276,2586934,8.66422
1.19173,2586960712,2586972,8.77113
1.13870,2586998152,2587009,8.87288
1.10132,2587035592,2587046,8.97295
0.96780,2587073032,2587083,9.06675
0.08049,2587110472,2587121,9.09453
0.02365,2587147912,2587158,9.10920
0.02708,2587819024,2587830,0.28501
0.05760,2587842944,2587853,0.29924
0.03853,2587866884,2587878,0.31188
0.02632,2587890832,2587901,0.32150
0.02441,2588160452,2588171,0.10872
0.02289,2588395604,2588406,0.09162
0.03052,2589742416,2589753,0.60642
0.02098,2590266616,2590277,0.19560
0.09613,2590312772,2590323,0.03676
0.08049,2590347804,2590358,0.02559
0.04005,2590382840,2590394,0.01857
0.02098,2590406784,2590417,0.02715
0.02174,2590819864,2590830,0.15695
0.07172,2590843796,2590855,0.17420
0.16938,2590867736,2590878,0.19859
0.24529,2590891692,2590902,0.22923
0.36011,2590916728,2590927,0.26789
0.50507,2590954168,2590964,0.33565
0.71412,2590991608,2591002,0.41841
0.77516,2591029044,2591040,0.50463
1.07691,2591066488,2591077,0.60358
1.08644,2591103928,2591115,0.70566
1.07080,2591141368,2591152,0.80433
1.16732,2591178808,2591190,0.91013
1.40192,2591216248,2591226,1.01998
1.40955,2591253688,2591264,1.13625
1.31495,2591291128,2591302,1.24854
1.27985,2591328568,2591339,1.35641
1.15282,2591366008,2591377,1.46156
1.13642,2591403448,2591414,1.56321
1.29206,2591440884,2591452,1.67452
1.36149,2591478328,2591489,1.78578
1.44198,2591515768,2591526,1.90029
1.47173,2591553208,2591563,2.01596
1.53620,2591590648,2591601,2.13734
1.45838,2591628088,2591639,2.25560
1.47936,2591665528,2591676,2.37158
1.52056,2591702964,2591714,2.49234
1.50378,2591740408,2591751,2.60927
1.51789,2591777848,2591789,2.72992
1.64645,2591815288,2591825,2.84896
1.73838,2591852728,2591863,2.97808
1.78492,2591890168,2591901,3.10891
1.84977,2591927608,2591938,3.23860
1.85740,2591965048,2591976,3.37206
1.91119,2592002488,2592013,3.50388
1.93408,2592039928,2592051,3.64008
1.90356,2592077368,2592088,3.77163
1.90509,2592114808,2592125,3.90324
1.96193,2592152248,2592162,4.03680
1.82612,2592189688,2592200,4.16914
1.69451,2592227124,2592238,4.29662
1.67811,2592264568,2592275,4.42014
1.76013,2592302004,2592313,4.55006
1.71130,2592339448,2592350,4.67480
1.69566,2592376888,2592388,4.80232
1.62127,2592414328,2592424,4.92045
1.64759,2592451768,2592462,5.04615
1.62814,2592489208,2592500,5.17110
1.67201,2592526648,2592537,5.29440
1.64759,2592564084,2592575,5.42010
1.63615,2592601528,2592612,5.54207
1.54345,2592638968,2592650,5.66373
1.58732,2592676408,2592687,5.78387
1.54536,2592713848,2592724,5.90240
1.49882,2592751288,2592761,6.01914
1.47593,2592788728,2592799,6.13811
1.44083,2592826168,2592837,6.25566
1.36416,2592863608,2592874,6.36703
1.45686,2592901044,2592912,6.48523
1.45418,2592938488,2592949,6.60021
1.39467,2592975928,2592987,6.71586
1.42100,2593013368,2593024,6.82953
1.32181,2593050808,2593061,6.93916
1.28672,2593088248,2593099,7.05024
1.32258,2593125688,2593136,7.15990
1.27642,2593163124,2593174,7.27054
1.22148,2593200568,2593211,7.37592
1.12154,2593238004,2593249,7.47963
1.07881,2593275448,2593286,7.57867
0.99489,2593312888,2593324,7.67635
1.02197,2593350328,2593360,7.77014
1.06394,2593387768,2593398,7.87115
1.11696,2593425204,2593436,7.97465
1.09255,2593462648,2593473,8.07431
0.97124,2593500084,2593511,8.17083
0.92470,2593537528,2593548,8.26252
0.87930,2593574968,2593586,8.35435
0.92889,2593612408,2593623,8.44625
0.87930,2593649848,2593660,8.53566
0.96704,2593687288,2593698,8.63196
0.90028,2593724728,2593735,8.72243
0.87816,2593762168,2593773,8.81420
0.77783,2593799608,2593810,8.89830
0.68551,2593837044,2593848,8.97938
0.46998,2593874488,2593885,9.04475
0.05226,2593911928,2593923,9.06714
0.03662,2594438612,2594449,0.25941
0.07248,2594462540,2594473,0.27606
0.07248,2594486480,2594497,0.29271
0.04005,2595833368,2595844,0.69474
0.03853,2596313060,2596324,0.24281
0.04997,2596336992,2596347,0.25606
0.04883,2596360928,2596371,0.26973
0.03395,2596384876,2596396,0.28160
0.04730,2596409928,2596420,0.29505
0.06447,2596447368,2596458,0.31991
0.02976,2596518172,2596529,0.03156
0.11597,2596542116,2596552,0.05175
0.06981,2596566076,2596577,0.06877
0.03319,2596597128,2596608,0.08332
0.06447,2596634572,2596645,0.10753
0.09880,2596672008,2596682,0.13751
0.02289,2596709448,2596720,0.15232
0.10300,2596746888,2596757,0.18292
0.06104,2596784328,2596795,0.20712
0.11597,2596821772,2596833,0.24047
0.08659,2596859208,2596870,0.26853
0.06447,2596896652,2596908,0.29339
0.11711,2596934088,2596944,0.32514
0.06828,2596971532,2596982,0.35073
0.12322,2597053456,2597064,0.07418
0.06828,2597077380,2597088,0.09034
0.04463,2597101304,2597112,0.10341
0.09422,2597136364,2597147,0.02769
0.13695,2597160284,2597171,0.05058
0.08392,2597196168,2597207,0.07745
0.20333,2597233612,2597244,0.12045
0.03243,2597271048,2597281,0.13762
0.02708,2597775484,2597786,0.21418
0.10567,2597799408,2597810,0.23429
0.58022,2597823348,2597834,0.28140
0.84421,2597847296,2597858,0.33823
1.09789,2597872340,2597882,0.40304
1.69833,2597909784,2597920,0.53066
2.13245,2597947220,2597958,0.67366
2.48722,2597984664,2597995,0.82404
2.30449,2598022104,2598033,0.97270
2.56466,2598059540,2598070,1.12541
2.65698,2598096980,2598108,1.28503
2.90341,2598134420,2598145,1.44751
3.60037,2598171860,2598182,1.62844
3.61791,2598209316,2598220,1.81471
3.56756,2598246744,2598257,1.99481
3.74876,2598284184,2598295,2.18442
3.66751,2598321620,2598332,2.36702
3.83536,2598359064,2598370,2.55881
4.14015,2598396500,2598407,2.75282
4.38315,2598433940,2598445,2.95785
4.61776,2598471380,2598481,3.15721
4.98741,2598508820,2598519,3.37591
4.83864,2598546260,2598557,3.59133
5.10567,2598583700,2598594,3.80678
5.19684,2598621140,2598632,4.03003
5.39750,2598658584,2598669,4.25156
5.45701,2598696020,2598707,4.48032
5.43679,2598733460,2598744,4.70266
5.15373,2598770900,2598781,4.91912
5.31662,2598808356,2598819,5.14493
5.24338,2598845780,2598856,5.36327
5.04845,2598883220,2598894,5.58330
4.98589,2598920660,2598931,5.79622
4.94202,2598958104,2598969,6.01392
4.89624,2598995540,2599006,6.22491
5.13199,2599032980,2599044,6.44676
4.94202,2599070420,2599080,6.65300
4.86801,2599107860,2599118,6.86907
4.60555,2599145304,2599156,7.07923
4.67575,2599182744,2599193,7.28542
4.81651,2599220180,2599231,7.50034
4.90654,2599257624,2599268,7.71155
5.08583,2599295064,2599306,7.93240
5.08469,2599332500,2599343,8.14741
5.33150,2599369940,2599380,8.36758
4.97520,2599407396,2599418,8.58601
0.04616,2713428708,2713439,0.01938
0.02022,2714041904,2714052,0.22463
0.02441,2714065832,2714077,0.23469
0.03929,2714089764,2714100,0.24644
0.07858,2714113704,2714124,0.26378
0.09766,2714138760,2714149,0.28391
0.15373,2714176200,2714186,0.32130
0.20943,2714213640,2714224,0.36612
0.13695,2714251084,2714262,0.40236
0.14839,2714288520,2714299,0.43909
0.26970,2714325964,2714337,0.48995
0.43336,2714363400,2714374,0.55272
0.58785,2714400840,2714412,0.62780
0.65385,2714438280,2714448,0.70282
0.62104,2714475720,2714486,0.77999
0.56535,2714513168,2714524,0.85363
0.72557,2714550600,2714561,0.93485
0.94148,2714588044,2714599,1.02987
1.12421,2714625480,2714636,1.13097
1.08110,2714662924,2714674,1.23279
1.06050,2714700360,2714711,1.33099
1.11200,2714737800,2714748,1.43154
1.00175,2714775240,2714785,1.52697
0.92889,2714812680,2714823,1.62136
0.96170,2714850124,2714861,1.71739
1.01244,2714887560,2714898,1.81334
1.17685,2714925004,2714936,1.91957
1.39734,2714962440,2714973,2.03229
1.32181,2714999880,2715011,2.14488
1.25620,2715037320,2715047,2.24886
1.24132,2715074760,2715085,2.35797
1.20317,2715112204,2715123,2.46539
1.18639,2715149640,2715160,2.56925
1.12154,2715187084,2715198,2.67296
1.09102,2715224520,2715235,2.77255
1.18143,2715261964,2715273,2.87900
1.19249,2715299400,2715310,2.98312
1.30884,2715336840,2715347,3.09221
1.45495,2715374284,2715384,3.20722
1.47326,2715411720,2715422,3.32609
1.36606,2715449164,2715460,3.44055
1.31228,2715486600,2715497,3.54978
1.27108,2715524044,2715535,3.66019
1.18563,2715561480,2715572,3.76401
1.19860,2715598920,2715610,3.87123
1.33440,2715636360,2715646,3.97840
1.50835,2715673800,2715684,4.09867
1.60487,2715711244,2715722,4.22273
1.60487,2715748680,2715759,4.34352
1.85130,2715786124,2715797,4.47677
1.93408,2715823560,2715834,4.60938
2.13169,2715861004,2715872,4.75236
2.24842,2715898440,2715909,4.89533
2.12825,2715935880,2715947,5.03820
2.11872,2715973320,2715983,5.17324
2.13092,2716010760,2716021,5.31619
2.02335,2716048204,2716059,5.45549
1.94896,2716085640,2716096,5.58861
1.78759,2716123084,2716134,5.71954
1.70253,2716160520,2716171,5.84396
1.63958,2716197960,2716209,5.96935
1.69375,2716235400,2716246,6.09345
1.67887,2716272840,2716283,6.21700
1.63539,2716310288,2716321,6.34223
1.51179,2716347720,2716358,6.45947
1.60372,2716385164,2716396,6.58349
1.55337,2716422600,2716433,6.70233
1.57588,2716460044,2716471,6.82527
1.52323,2716497480,2716508,6.94295
1.40536,2716534920,2716546,7.05904
1.40803,2716572360,2716582,7.16913
1.40345,2716609800,2716620,7.28514
1.37102,2716647244,2716658,7.39981
1.26345,2716684680,2716695,7.50699
1.20851,2716722124,2716733,7.61464
1.25391,2716759560,2716770,7.72142
1.36683,2716797000,2716808,7.83591
1.40536,2716834440,2716845,7.94895
1.39048,2716871880,2716882,8.06138
1.31571,2716909328,2716920,8.17371
1.25010,2716946760,2716957,8.28033
1.18982,2716984204,2716995,8.38715
1.22568,2717021640,2717032,8.49271
1.26955,2717059084,2717070,8.60305
1.33707,2717096520,2717107,8.71331
1.07004,2717133960,2717145,8.81461
0.91592,2717171404,2717181,8.90340
0.80949,2717208840,2717219,8.99151
0.69924,2717246284,2717257,9.07340
0.06218,2717283720,2717294,9.09717
0.02098,2717321164,2717332,9.11136
0.03128,2717925624,2717936,0.27530
0.08888,2717949536,2717960,0.29374
0.04730,2719952244,2719963,1.12268
0.22431,2719976168,2719986,1.15075
0.11711,2720000116,2720011,1.17280
0.02365,2720024052,2720034,1.18191
0.02289,2720060228,2720071,0.01443
0.02098,2720408972,2720419,0.12990
0.02785,2720432884,2720444,0.14066
0.07057,2720456828,2720467,0.15640
0.22431,2720480756,2720491,0.18569
0.37575,2720505840,2720517,0.22677
0.44060,2720543280,2720553,0.28835
0.56458,2720580720,2720591,0.36193
0.59739,2720618160,2720628,0.43563
0.57221,2720655600,2720666,0.50971
0.66796,2720693040,2720704,0.58975
0.86099,2720730480,2720741,0.67822
1.11276,2720767920,2720779,0.78153
1.24056,2720805360,2720816,0.88773
1.39391,2720842800,2720854,1.00335
1.65980,2720880240,2720890,1.12288
1.75326,2720917680,2720928,1.25255
1.83223,2720955120,2720965,1.38161
1.73991,2720992560,2721003,1.51079
1.81125,2721030000,2721041,1.64258
1.75479,2721067440,2721078,1.76890
1.85588,2721104880,2721116,1.90231
1.78683,2721142320,2721153,2.02977
1.64416,2721179760,2721190,2.15203
1.67277,2721217200,2721227,2.27536
1.69986,2721254640,2721265,2.40303
1.70939,2721292080,2721303,2.53107
1.78073,2721329520,2721340,2.65831
1.57778,2721366960,2721378,2.78132
1.67277,2721404400,2721415,2.90465
1.97147,2721441840,2721453,3.04215
2.01267,2721479280,2721489,3.17377
1.96002,2721516720,2721527,3.31087
2.00885,2721554160,2721565,3.44967
1.92950,2721591600,2721602,3.58212
2.18051,2721629040,2721640,3.72673
1.93828,2721666480,2721677,3.85948
1.86961,2721703920,2721715,3.99338
1.72618,2721741360,2721752,4.11866
1.77157,2721778800,2721789,4.24557
1.72618,2721816240,2721826,4.37085
1.85321,2721853680,2721864,4.50416
1.87457,2721891120,2721902,4.63824
1.92874,2721928560,2721939,4.77067
1.84787,2721966000,2721977,4.90379
1.83146,2722003440,2722014,5.03283
1.81811,2722040880,2722052,5.16488
1.87381,2722078320,2722088,5.29187
1.93561,2722115760,2722126,5.42812
1.98291,2722153200,2722164,5.56602
1.83642,2722190640,2722201,5.69523
1.82422,2722228080,2722239,5.82750
1.65026,2722265520,2722276,5.94999
1.57588,2722302956,2722314,6.07293
1.58122,2722340400,2722351,6.19283
1.38514,2722377840,2722388,6.30505
1.41222,2722415280,2722425,6.41837
1.38247,2722452720,2722463,6.53351
1.38590,2722490160,2722501,6.64880
1.43664,2722527600,2722538,6.76309
1.41299,2722565040,2722576,6.87949
1.49233,2722602480,2722613,6.99598
1.52132,2722639920,2722651,7.11676
1.60563,2722677360,2722688,7.23759
1.58045,2722714800,2722725,7.35746
1.51331,2722752240,2722762,7.47476
1.46181,2722789680,2722800,7.59316
1.53849,2722827120,2722838,7.71463
1.57664,2722864560,2722875,7.83436
1.49882,2722902000,2722913,7.95425
1.33021,2722939440,2722950,8.06422
1.17418,2722976880,2722988,8.17034
1.07500,2723014320,2723024,8.26653
1.09102,2723051760,2723062,8.36882
1.04982,2723089200,2723100,8.46916
1.01320,2723126640,2723137,8.56514
0.91478,2723164080,2723175,8.65880
0.89837,2723201520,2723212,8.74918
0.77173,2723238960,2723250,8.83521
0.76295,2723276400,2723287,8.91850
0.18692,2723313840,2723324,8.95972
0.03052,2723862696,2723873,0.24716
0.10224,2723886616,2723897,0.26694
0.05608,2723910552,2723921,0.28158
0.02098,2725424108,2725435,0.56516
0.02022,2725770392,2725781,0.12679
0.04005,2725827664,2725838,0.02940
0.04120,2726051680,2726063,0.11769
0.02289,2726075612,2726086,0.12666
0.05684,2726099556,2726110,0.14141
0.04349,2726123504,2726134,0.15431
0.06447,2726148552,2726159,0.17066
0.08202,2726185996,2726197,0.19871
0.08545,2726234552,2726245,0.03616
0.07591,2726271988,2726283,0.02698
0.09003,2726298312,2726308,0.04631
0.05341,2726335752,2726346,0.06894
0.02098,2726373188,2726384,0.08313
0.02022,2726488444,2726499,0.04214
0.29335,2726512356,2726522,0.07424
0.06294,2726547384,2726558,0.02328
0.04005,2726571312,2726582,0.03565
0.03243,2727006600,2727017,0.20187
0.09766,2727030520,2727042,0.22200
0.31243,2727054456,2727065,0.25513
0.44404,2727078388,2727089,0.29634
0.60883,2727103472,2727114,0.34662
0.84840,2727140908,2727151,0.43444
1.03838,2727178348,2727189,0.53423
1.15206,2727215792,2727226,0.63658
1.25124,2727253228,2727264,0.74612
1.26154,2727290672,2727302,0.85611
1.47517,2727328108,2727339,0.97193
1.76432,2727365548,2727376,1.09858
1.95315,2727402988,2727413,1.23184
2.09926,2727440428,2727451,1.37373
2.06455,2727477868,2727488,1.51074
2.18242,2727515308,2727526,1.65541
2.32471,2727552748,2727564,1.80472
2.34569,2727590188,2727601,1.95076
2.31861,2727627628,2727639,2.09988
2.32891,2727665068,2727675,2.24146
2.34379,2727702512,2727713,2.39138
2.38155,2727739948,2727750,2.53853
2.23507,2727777388,2727788,2.68494
2.35256,2727814828,2727825,2.83119
2.52422,2727852268,2727863,2.98678
2.55741,2727889708,2727901,3.14339
2.46967,2727927148,2727938,3.29323
2.48722,2727964592,2727975,3.44361
2.39109,2728002028,2728012,3.59106
2.34760,2728039468,2728050,3.74110
2.22477,2728076908,2728087,3.88333
2.25338,2728114348,2728125,4.03033
2.04433,2728151788,2728162,4.16667
2.01076,2728189228,2728200,4.30553
1.97833,2728226668,2728238,4.44327
2.11757,2728264108,2728274,4.57828
2.18128,2728301552,2728312,4.72291
2.17098,2728338988,2728349,4.86341
2.17365,2728376428,2728387,5.00779
2.05386,2728413868,2728424,5.14444
2.18509,2728451308,2728462,5.28920
2.14923,2728488748,2728500,5.43277
2.04967,2728526192,2728537,5.56928
1.94781,2728563628,2728574,5.70236
1.92073,2728601068,2728611,5.83451
1.83146,2728638508,2728649,5.96703
1.83909,2728675948,2728686,6.09634
1.77157,2728713388,2728724,6.22669
1.78492,2728750828,2728762,6.35752
1.92073,2728788272,2728799,6.48967
1.88334,2728825708,2728837,6.62407
1.67010,2728863148,2728873,6.74396
1.56710,2728900592,2728911,6.86655
1.47784,2728938028,2728948,6.98247
1.36873,2728975472,2728986,7.09704
1.33288,2729012908,2729023,7.20712
1.24933,2729050348,2729061,7.31658
1.15282,2729087788,2729099,7.42173
1.06813,2729125232,2729136,7.52028
0.99908,2729162668,2729174,7.61816
1.04181,2729200108,2729210,7.71286
1.03075,2729237548,2729248,7.81228
0.97658,2729274988,2729285,7.90651
0.86099,2729312432,2729323,7.99738
0.74731,2729349868,2729360,8.07981
0.67483,2729387308,2729398,8.16025
0.67559,2729424752,2729436,8.24075
0.68971,2729462188,2729473,8.31994
0.71489,2729499628,2729510,8.40056
0.72557,2729537068,2729547,8.48178
0.78470,2729574508,2729585,8.56853
0.71679,2729611952,2729622,8.64926
0.52415,2729649392,2729660,8.72015
0.42458,2729686832,2729698,8.78396
0.33188,2729724268,2729735,8.83890
0.28038,2729761712,2729773,8.89075
0.32998,2729799148,2729809,8.94404
0.41619,2729836588,2729847,9.00722
0.02708,2767515664,2767526,0.38807
0.06104,2767539584,2767550,0.40335
0.02289,2769030952,2769042,0.58171
0.03052,2769132708,2769143,0.04547
0.02441,2769523520,2769534,0.15745
0.06218,2769547456,2769558,0.17287
0.02976,2769571388,2769582,0.18354
0.04883,2769595344,2769606,0.19720
0.02899,2769620384,2769631,0.20817
0.03052,2769657824,2769669,0.22528
0.04616,2769695268,2769705,0.24521
0.03510,2769743824,2769755,0.02414
0.02441,2769981376,2769992,0.09543
0.04349,2770005292,2770016,0.10833
0.05493,2770029224,2770039,0.12222
0.02632,2770064304,2770075,0.01505
0.02976,2770099340,2770110,0.01556
0.13695,2770134408,2770145,0.03338
0.10986,2770169468,2770180,0.02990
0.02899,2770193396,2770204,0.04043
0.02289,2770228000,2770239,0.05407
0.02365,2770676776,2770688,0.17795
0.13809,2770700696,2770711,0.19998
0.49287,2770724648,2770736,0.24521
0.93576,2770748600,2770759,0.30255
1.13031,2770773644,2770784,0.37104
1.36950,2770811080,2770822,0.48565
1.42519,2770848528,2770860,0.60256
1.35996,2770885964,2770896,0.71075
1.20584,2770923400,2770934,0.81829
1.47669,2770960840,2770971,0.93416
1.66247,2770998288,2771009,1.06042
1.71893,2771035720,2771046,1.18544
1.67468,2771073164,2771084,1.31217
1.72770,2771110600,2771121,1.43750
1.78416,2771148040,2771159,1.56831
1.66400,2771185480,2771196,1.69131
1.90509,2771222920,2771233,1.82292
1.95850,2771260360,2771271,1.95997
1.90166,2771297800,2771308,2.09146
2.00885,2771335244,2771346,2.23026
2.00198,2771372680,2771383,2.36517
1.82002,2771410120,2771421,2.49729
1.66056,2771447568,2771459,2.62348
1.40192,2771485000,2771495,2.73333
1.25391,2771522440,2771533,2.84299
1.22072,2771559880,2771570,2.94834
1.23713,2771597328,2771608,3.05726
1.31228,2771634760,2771645,3.16649
1.23102,2771672200,2771683,3.27515
1.43244,2771709640,2771720,3.38927
1.52667,2771747080,2771758,3.51027
1.49424,2771784520,2771795,3.62683
1.67353,2771821964,2771832,3.75018
1.65980,2771859400,2771870,3.87635
1.77615,2771896844,2771907,4.00342
1.70176,2771934280,2771945,4.13118
1.75937,2771971720,2771982,4.25765
1.73304,2772009160,2772020,4.38657
1.84253,2772046608,2772058,4.51950
1.91577,2772084044,2772094,4.64791
1.91653,2772121480,2772132,4.78348
1.81392,2772158920,2772169,4.91191
1.89097,2772196368,2772207,5.04657
2.08019,2772233804,2772244,5.18410
2.27131,2772271240,2772282,5.33168
2.38766,2772308680,2772319,5.47902
2.38231,2772346124,2772357,5.63017
2.60281,2772383564,2772395,5.78817
2.48112,2772421004,2772431,5.93430
2.53300,2772458440,2772469,6.09016
2.36820,2772495880,2772506,6.23690
2.31174,2772533324,2772544,6.38579
2.27245,2772570760,2772581,6.52953
2.09316,2772608204,2772619,6.67121
1.94018,2772645648,2772657,6.80762
1.84520,2772683080,2772694,6.93715
1.75402,2772720520,2772731,7.06343
1.69986,2772757960,2772768,7.18775
1.63691,2772795408,2772806,7.31304
1.56367,2772832844,2772843,7.43228
1.54269,2772870280,2772881,7.55391
1.53544,2772907720,2772918,7.67206
1.44961,2772945160,2772956,7.78997
1.50378,2772982600,2772994,7.91006
1.47860,2773020040,2773030,8.02287
1.37026,2773057484,2773068,8.13751
1.43854,2773094920,2773105,8.25187
1.51255,2773132364,2773143,8.37231
1.58274,2773169800,2773180,8.49227
1.53086,2773207240,2773218,8.61344
1.57435,2773244688,2773256,8.73631
1.54726,2773282124,2773293,8.85492
1.15129,2773319560,2773330,8.95723
0.02174,2773357000,2773367,8.97129
0.03929,2773928084,2773939,0.29220
0.08545,2773951996,2773962,0.30952
0.07172,2773975944,2773987,0.32678
0.06447,2773999892,2774010,0.34183
0.04120,2774736404,2774747,0.38552
0.03319,2775004900,2775015,0.12582
0.06828,2775795884,2775806,0.53268
0.03319,2776275624,2776286,0.22535
0.06218,2776310676,2776322,0.02313
0.04349,2776345732,2776356,0.01827
0.04349,2776380800,2776391,0.01881
0.02518,2776916140,2776927,0.21918
0.20180,2776940064,2776950,0.24581
0.65728,2776964004,2776975,0.29804
1.02121,2776987936,2776998,0.35794
1.39658,2777013004,2777024,0.43712
1.59266,2777050440,2777061,0.55746
1.81125,2777087884,2777099,0.68925
1.72885,2777125320,2777136,0.81463
1.69566,2777162764,2777174,0.94215
1.72694,2777200200,2777210,1.06407
1.74182,2777237640,2777248,1.19331
1.72084,2777275080,2777285,1.31840
1.67353,2777312520,2777323,1.44508
1.70939,2777349964,2777361,1.57312
1.79294,2777387400,2777398,1.70080
1.95239,2777424844,2777436,1.83763
2.07332,2777462280,2777473,1.97493
2.02258,2777499720,2777510,2.11054
2.13245,2777537160,2777547,2.24978
2.19348,2777574600,2777585,2.39482
2.14923,2777612048,2777623,2.53838
2.04013,2777649480,2777660,2.67458
2.03059,2777686924,2777698,2.81413
1.96117,2777724360,2777735,2.94766
2.03555,2777761804,2777773,3.08738
2.10384,2777799240,2777809,3.22194
2.15343,2777836680,2777847,3.36565
2.25452,2777874124,2777884,3.50882
2.07218,2777911560,2777922,3.64979
1.96880,2777949004,2777960,3.78720
1.90852,2777986440,2777997,3.91893
1.80781,2778023884,2778035,4.05060
1.72084,2778061320,2778072,4.17569
1.86694,2778098760,2778109,4.30597
2.03403,2778136200,2778146,4.44196
2.08629,2778173640,2778184,4.58341
2.19272,2778211084,2778222,4.72842
2.04166,2778248520,2778259,4.86467
2.15000,2778285964,2778297,5.00826
2.32052,2778323400,2778334,5.15351
2.39719,2778360844,2778372,5.30514
2.45060,2778398280,2778408,5.45037
2.43648,2778435720,2778446,5.60323
2.39986,2778473164,2778483,5.75095
2.31937,2778510600,2778521,5.90009
2.30640,2778548044,2778559,6.04881
2.29953,2778585480,2778596,6.19340
2.28199,2778622924,2778634,6.34134
2.36477,2778660360,2778671,6.48797
2.24460,2778697800,2778708,6.63083
2.23087,2778735240,2778745,6.77325
2.03479,2778772680,2778783,6.91294
2.02068,2778810124,2778821,7.05215
1.95926,2778847560,2778858,7.18561
1.90356,2778885004,2778896,7.32073
1.83566,2778922440,2778933,7.44992
1.70443,2778959884,2778971,7.57777
1.77157,2778997320,2779008,7.70468
1.80171,2779034760,2779045,7.83267
1.81926,2779072204,2779082,7.96128
1.75059,2779109640,2779120,8.09085
1.61440,2779147084,2779158,8.21528
1.74334,2779184520,2779195,8.34118
1.75593,2779221964,2779233,8.47095
1.66133,2779259400,2779270,8.59385
1.57588,2779296840,2779308,8.71678
1.59495,2779334280,2779344,8.83395
0.03395,2780116568,2780127,0.37181
0.08125,2780140496,2780151,0.38944
0.04196,2780164432,2780175,0.40211
0.02785,2780621916,2780633,0.19697
0.04883,2781079384,2781090,0.26025
0.03395,2782181676,2782192,0.52329
0.05417,2782227840,2782238,0.02759
0.13809,2782251752,2782262,0.05057
0.05837,2782275688,2782286,0.06552
0.09957,2782299620,2782310,0.08503
0.06828,2782324700,2782336,0.10254
0.05341,2782362136,2782372,0.12398
0.05226,2782399576,2782410,0.14637
0.08469,2782437016,2782447,0.17412
0.04463,2782474456,2782485,0.19481
0.02098,2782556388,2782567,0.03061
0.02976,2782613660,2782624,0.02534
0.06981,2782637588,2782648,0.04168
0.07935,2782672652,2782684,0.02613
0.07668,2782696592,2782707,0.04255
0.08736,2782720528,2782731,0.06083
0.07057,2782747968,2782758,0.07931
0.06294,2782796524,2782807,0.03168
0.07591,2782822848,2782833,0.05014
0.05951,2782860288,2782871,0.07403
0.08888,2782897728,2782908,0.10246
0.02289,2783413268,2783424,0.20118
0.06561,2783437200,2783448,0.21702
0.38033,2783461136,2783472,0.25517
0.72900,2783485084,2783496,0.30798
0.93996,2783510140,2783520,0.36794
1.22492,2783547580,2783558,0.47633
1.56100,2783585020,2783596,0.59868
1.95239,2783622460,2783633,0.73191
2.11414,2783659904,2783671,0.87430
2.16754,2783697340,2783708,1.01469
2.34569,2783734788,2783746,1.16467
2.19348,2783772220,2783782,1.30208
2.10651,2783809660,2783820,1.44421
1.90356,2783847104,2783857,1.57577
1.90433,2783884540,2783895,1.71091
1.89479,2783921984,2783933,1.84571
1.83757,2783959420,2783970,1.97496
1.92187,2783996864,2784008,2.11072
1.86084,2784034300,2784045,2.24080
1.96613,2784071740,2784082,2.37450
1.98444,2784109180,2784119,2.50882
1.97566,2784146620,2784157,2.64647
2.15000,2784184060,2784195,2.79006
2.11757,2784221500,2784232,2.92882
2.13436,2784258944,2784270,3.07189
2.21790,2784296380,2784307,3.21389
2.24460,2784333828,2784345,3.36061
2.27855,2784371260,2784381,3.50065
2.19806,2784408700,2784419,3.64584
2.20150,2784446140,2784456,3.78732
2.11414,2784483580,2784494,3.92971
2.14580,2784521024,2784532,4.07316
2.16564,2784558460,2784569,4.21348
2.19883,2784595904,2784607,4.35870
2.32204,2784633340,2784644,4.50400
2.39643,2784670780,2784681,4.65161
2.37430,2784708220,2784718,4.79853
2.34035,2784745660,2784756,4.94835
2.34646,2784783100,2784794,5.09836
2.28962,2784820540,2784831,5.24264
2.15343,2784857984,2784869,5.38635
2.11070,2784895420,2784906,5.52488
2.00809,2784932868,2784944,5.66365
1.98024,2784970300,2784980,5.79420
1.93217,2785007740,2785018,5.93033
1.98177,2785045180,2785055,6.06456
1.91577,2785082620,2785093,6.20011
1.85397,2785120064,2785131,6.33345
1.97566,2785157500,2785168,6.46747
1.85855,2785194944,2785206,6.60098
1.84443,2785232380,2785243,6.73048
1.79980,2785269820,2785281,6.86186
1.84367,2785307260,2785317,6.98783
1.81392,2785344700,2785355,7.11972
1.83146,2785382144,2785393,7.25225
1.78149,2785419580,2785430,7.37952
1.62318,2785457024,2785468,7.50428
1.69108,2785494460,2785505,7.62828
1.70253,2785531908,2785543,7.75606
1.84443,2785569340,2785580,7.88556
1.71054,2785606780,2785617,8.01027
1.58198,2785644220,2785654,8.13020
1.64836,2785681660,2785692,8.25593
1.57244,2785719104,2785730,8.37873
1.64149,2785756540,2785767,8.50090
1.43473,2785793984,2785805,8.61820
1.45151,2785831420,2785842,8.73307
1.35386,2785868860,2785880,8.84702
0.60006,2785906300,2785916,8.91889
0.03319,2785943740,2785954,8.93673
0.02174,2816235980,2816246,0.24967
0.37842,2816593432,2816604,0.56755
0.08392,2816628484,2816640,0.02688
0.04730,2816652416,2816663,0.03977
0.02289,2817254496,2817265,0.23471
0.06714,2817278420,2817289,0.25074
0.15717,2817302348,2817313,0.27526
0.20943,2817326292,2817337,0.30356
0.26818,2817351352,2817361,0.33559
0.34257,2817388792,2817399,0.39291
0.46845,2817426232,2817437,0.45994
0.55238,2817463672,2817474,0.53080
0.63897,2817501112,2817512,0.60908
0.77173,2817538552,2817549,0.69285
0.91478,2817575992,2817587,0.78651
0.83467,2817613432,2817624,0.87363
0.85031,2817650872,2817661,0.96155
0.88426,2817688312,2817699,1.05364
0.94263,2817725752,2817736,1.14622
0.94682,2817763188,2817774,1.24151
0.90448,2817800632,2817811,1.33219
0.92546,2817838072,2817849,1.42640
0.83124,2817875512,2817886,1.51334
0.82170,2817912952,2817924,1.60211
0.82780,2817950392,2817960,1.68652
0.77974,2817987832,2817998,1.77299
0.76562,2818025268,2818036,1.85868
0.79614,2818062712,2818073,1.94376
0.79690,2818100148,2818111,2.03118
0.76410,2818137592,2818148,2.11453
0.81102,2818175032,2818186,2.20272
0.89380,2818212472,2818223,2.29287
0.99413,2818249912,2818260,2.38794
1.05783,2818287352,2818298,2.48866
1.13527,2818324792,2818335,2.59026
1.16655,2818362232,2818373,2.69603
1.17876,2818399672,2818410,2.79955
1.16732,2818437108,2818448,2.90536
1.13718,2818474552,2818485,3.00704
1.14061,2818511992,2818523,3.11163
1.12421,2818549432,2818560,3.21273
1.14328,2818586872,2818597,3.31468
1.09522,2818624308,2818635,3.41717
1.08988,2818661752,2818672,3.51672
1.07271,2818699192,2818710,3.61814
1.02808,2818736632,2818747,3.71482
1.04028,2818774072,2818785,3.81471
1.09255,2818811512,2818822,3.91437
1.11009,2818848952,2818860,4.01755
1.15549,2818886392,2818897,4.12005
1.19364,2818923832,2818934,4.22423
1.13184,2818961272,2818972,4.32841
1.15473,2818998712,2819009,4.43088
1.23026,2819036148,2819047,4.53950
1.28176,2819073592,2819084,4.64745
1.42519,2819111032,2819122,4.76436
1.49882,2819148472,2819159,4.88109
1.48623,2819185912,2819196,4.99734
1.45342,2819223348,2819234,5.11540
1.55070,2819260792,2819271,5.23414
1.57588,2819298232,2819309,5.35707
1.63539,2819335672,2819346,5.47901
1.64912,2819373112,2819384,5.60477
1.57855,2819410552,2819421,5.72457
1.43473,2819447992,2819459,5.84187
1.44198,2819485432,2819496,5.95638
1.44083,2819522872,2819533,6.07083
1.38247,2819560312,2819571,6.18597
1.35462,2819597752,2819608,6.29695
1.32181,2819635188,2819646,6.40954
1.25124,2819672632,2819683,6.51620
1.26612,2819710072,2819721,6.62639
1.31838,2819747512,2819758,6.73588
1.27451,2819784952,2819795,6.84353
1.19440,2819822392,2819833,6.95055
1.24132,2819859832,2819870,7.05679
1.18982,2819897268,2819908,7.16361
1.21958,2819934712,2819945,7.26891
1.24056,2819972152,2819983,7.37798
1.32753,2820009592,2820020,7.48785
1.33097,2820047032,2820058,7.60083
1.25887,2820084472,2820096,7.71070
1.23369,2820121912,2820132,7.81375
1.30274,2820159352,2820170,7.92552
1.26001,2820196792,2820207,8.03256
1.28061,2820234232,2820245,8.14338
1.26154,2820271672,2820282,8.25048
1.17685,2820309112,2820320,8.35671
1.10056,2820346552,2820357,8.45674
1.14939,2820383992,2820395,8.56173
1.17266,2820421428,2820432,8.66499
1.22911,2820458872,2820469,8.77070
1.14939,2820496312,2820507,8.87569
1.02274,2820533752,2820544,8.97212
0.96857,2820571192,2820582,9.06850
0.90982,2820608632,2820619,9.15945
0.03662,2821379848,2821391,0.38073
0.07591,2822293080,2822303,0.64757
0.04807,2823295292,2823306,0.56669
0.04616,2823608272,2823619,0.17330
0.02899,2823632196,2823643,0.18383
0.04730,2823656136,2823666,0.19672
0.06447,2823680092,2823691,0.21308
0.04883,2823705128,2823715,0.22675
0.07172,2823742568,2823753,0.25297
0.02976,2823780008,2823790,0.26942
0.02708,2824362252,2824373,0.24726
0.04807,2824386176,2824396,0.26026
0.09270,2824410116,2824421,0.27987
0.13619,2824434060,2824444,0.30175
0.19913,2824459116,2824470,0.33165
0.30137,2824496560,2824507,0.38399
0.41695,2824534000,2824545,0.44723
0.53750,2824571436,2824582,0.51714
0.60006,2824608880,2824620,0.59300
0.71260,2824646316,2824656,0.67131
0.87129,2824683756,2824694,0.76272
0.95560,2824721196,2824732,0.85845
0.98878,2824758636,2824769,0.95327
1.13985,2824796076,2824807,1.05782
1.23980,2824833516,2824844,1.16399
1.30884,2824870956,2824882,1.27603
1.32448,2824908396,2824919,1.38577
1.41032,2824945836,2824956,1.49900
1.37827,2824983276,2824993,1.61095
1.53544,2825020716,2825031,1.73229
1.55489,2825058156,2825069,1.85441
1.69986,2825095596,2825106,1.97873
1.66743,2825133036,2825144,2.10518
1.60220,2825170476,2825181,2.22588
1.63005,2825207916,2825219,2.35091
1.62661,2825245356,2825255,2.46923
1.67124,2825282800,2825293,2.59583
1.61364,2825320236,2825331,2.72023
1.56825,2825357676,2825368,2.83964
1.60639,2825395120,2825406,2.96376
1.60029,2825432556,2825443,3.08438
1.65789,2825469996,2825481,3.21047
1.70253,2825507436,2825518,3.33489
1.78416,2825544876,2825555,3.46225
1.75212,2825582316,2825592,3.58847
1.66514,2825619756,2825630,3.71484
1.79446,2825657196,2825668,3.84602
1.77043,2825694636,2825705,3.97290
1.83375,2825732080,2825743,4.10551
1.85931,2825769516,2825780,4.23553
1.91310,2825806960,2825818,4.37098
1.91463,2825844396,2825854,4.49935
2.12749,2825881836,2825892,4.64219
2.22477,2825919280,2825930,4.78826
2.29763,2825956716,2825967,4.93279
2.20836,2825994160,2826005,5.07832
2.34226,2826031600,2826042,5.22425
2.33692,2826069036,2826080,5.37396
2.37545,2826106476,2826117,5.52092
2.13512,2826143916,2826155,5.66401
2.04509,2826181360,2826192,5.80037
2.04623,2826218796,2826229,5.93677
2.05768,2826256236,2826267,6.07725
1.99779,2826293676,2826304,6.21202
1.98367,2826331116,2826342,6.34995
2.08820,2826368556,2826379,6.48774
2.14466,2826405996,2826417,6.63115
2.06188,2826443436,2826454,6.76807
2.10117,2826480876,2826491,6.90629
1.90356,2826518316,2826529,7.04140
1.87648,2826555760,2826566,7.17202
1.85473,2826593200,2826604,7.30539
1.84176,2826630636,2826641,7.43479
1.77501,2826668080,2826679,7.56526
1.72007,2826705520,2826716,7.69032
1.75593,2826742956,2826754,7.82008
1.78759,2826780396,2826791,7.94757
1.56214,2826817836,2826828,8.06675
1.30159,2826855276,2826866,8.17847
1.08721,2826892720,2826903,8.27790
1.03342,2826930156,2826941,8.37745
0.98535,2826967596,2826978,8.47210
0.98421,2827005040,2827016,8.56925
1.02541,2827042480,2827053,8.66581
0.92699,2827079916,2827090,8.75761
0.90257,2827117356,2827128,8.85065
0.84840,2827154796,2827165,8.93848
0.75875,2827192236,2827203,9.02378
0.02518,2827930056,2827940,0.30137
0.04120,2827953984,2827965,0.31445
0.05608,2827977932,2827988,0.32849
0.02022,2828168644,2828179,0.06999
0.07935,2829848908,2829859,1.21956
0.02518,2829928420,2829939,0.03271
0.02899,2829963456,2829974,0.01536
0.05760,2830187496,2830198,0.13855
0.03738,2830211428,2830222,0.15051
0.05074,2830235356,2830245,0.16386
0.10643,2830259312,2830270,0.18488
0.09957,2830284364,2830295,0.20521
0.06638,2830321804,2830332,0.22977
0.13542,2830359244,2830369,0.26486
0.06561,2830396684,2830407,0.28995
0.03853,2830445240,2830455,0.02428
0.02365,2830960736,2830971,0.20451
0.07172,2830984648,2830995,0.22107
0.30289,2831008584,2831020,0.25653
0.35935,2831032532,2831043,0.29206
0.43450,2831057588,2831068,0.33453
0.61608,2831095028,2831106,0.41139
0.70726,2831132472,2831143,0.49158
0.81903,2831169908,2831180,0.57788
0.74998,2831207352,2831218,0.66269
0.74731,2831244788,2831255,0.74512
0.94949,2831282228,2831293,0.84054
1.15816,2831319668,2831330,0.94316
1.44198,2831357108,2831368,1.06075
1.57931,2831394552,2831406,1.18382
1.51331,2831431988,2831442,1.29795
1.59266,2831469432,2831480,1.42154
1.59762,2831506868,2831517,1.54206
1.64759,2831544312,2831555,1.66776
1.68574,2831581748,2831592,1.79156
1.86007,2831619188,2831630,1.92512
1.82956,2831656628,2831667,2.05410
1.83032,2831694068,2831705,2.18659
1.86084,2831731512,2831742,2.31666
1.96727,2831768948,2831779,2.45040
2.10918,2831806392,2831817,2.59262
2.11261,2831843828,2831854,2.73121
2.28809,2831881268,2831892,2.87935
2.39376,2831918708,2831929,3.02687
2.38231,2831956148,2831967,3.17803
2.45556,2831993588,2832005,3.33148
2.43305,2832031028,2832041,3.47620
2.54978,2832068472,2832079,3.63257
2.84848,2832105908,2832116,3.79350
2.90684,2832143352,2832154,3.96046
2.90608,2832180788,2832191,4.12301
3.05982,2832218228,2832229,4.29432
2.97665,2832255668,2832266,4.45883
2.80728,2832293108,2832304,4.62291
2.52613,2832330552,2832342,4.77855
2.30640,2832367988,2832378,4.91945
2.46624,2832405432,2832416,5.07324
2.57839,2832442868,2832453,5.22635
2.60815,2832480308,2832491,5.38451
2.61082,2832517748,2832528,5.53858
2.53758,2832555188,2832566,5.69458
2.38842,2832592632,2832604,5.84592
2.30831,2832630068,2832641,5.99079
2.22744,2832667512,2832678,6.13310
2.32280,2832704948,2832715,6.27842
2.45403,2832742392,2832753,6.43183
2.65164,2832779828,2832790,6.58710
2.66651,2832817268,2832828,6.74702
2.56695,2832854708,2832865,6.89979
2.69970,2832892148,2832903,7.06069
2.59327,2832929592,2832941,7.21840
2.65278,2832967028,2832977,7.36950
2.57229,2833004472,2833015,7.52656
2.70314,2833041908,2833052,7.68334
2.83589,2833079348,2833090,7.84825
2.79049,2833116788,2833127,8.00753
2.58183,2833154228,2833165,8.16489
2.33082,2833191668,2833203,8.31439
2.36591,2833229108,2833240,8.46106
2.20226,2833266552,2833277,8.60256
2.13779,2833303988,2833314,8.74198
1.87877,2833341432,2833352,8.87621
0.09079,2833378868,2833389,8.90494
0.93233,2856724024,2856734,0.49325
0.96780,2856761468,2856772,0.58959
1.16922,2856798908,2856809,0.69269
1.40955,2856836344,2856847,0.80896
1.39200,2856873784,2856885,0.92450
1.37636,2856911224,2856922,1.03637
1.47936,2856948664,2856960,1.15548
1.49767,2856986108,2856996,1.26901
1.96727,2857023544,2857034,1.40637
1.82956,2857060988,2857071,1.53534
1.66934,2857098424,2857109,1.66187
1.79026,2857135868,2857147,1.79290
1.90585,2857173304,2857184,1.92454
1.85245,2857210748,2857222,2.05782
1.83909,2857248184,2857259,2.18713
1.76280,2857285624,2857296,2.31373
1.81125,2857323064,2857333,2.44206
1.63958,2857360504,2857371,2.56746
1.56367,2857397948,2857408,2.68669
1.75593,2857435388,2857446,2.81646
1.78149,2857472828,2857484,2.94717
1.63806,2857510264,2857521,3.06921
1.73648,2857547704,2857559,3.19825
1.83375,2857585144,2857595,3.32389
1.68231,2857622584,2857633,3.45090
1.71893,2857660024,2857670,3.57592
1.72007,2857697464,2857708,3.70435
1.77806,2857734904,2857746,3.83494
1.70443,2857772344,2857783,3.95942
1.85931,2857809784,2857821,4.09296
1.74182,2857847224,2857858,4.21880
1.69909,2857884664,2857895,4.34309
1.86465,2857922104,2857932,4.47330
2.02945,2857959544,2857970,4.61281
1.87877,2857996984,2858007,4.74350
1.99245,2858034424,2858045,4.88174
1.79370,2858071864,2858083,5.01289
1.89479,2858109304,2858120,5.14414
1.98634,2858146744,2858158,5.28216
2.20607,2858184184,2858194,5.41996
2.14466,2858221628,2858232,5.56338
1.99054,2858259068,2858269,5.69791
2.08209,2858296504,2858307,5.83921
1.94171,2858333944,2858345,5.97567
1.97414,2858371384,2858382,6.10965
1.97757,2858408824,2858420,6.24736
1.81201,2858446264,2858457,6.37571
1.92798,2858483704,2858494,6.50811
1.91653,2858521144,2858531,6.64012
1.74716,2858558584,2858569,6.76956
1.84100,2858596028,2858606,6.89894
1.83833,2858633468,2858644,7.03172
1.73724,2858670904,2858682,7.16079
1.70520,2858708344,2858719,7.28530
1.66323,2858745788,2858757,7.41160
1.50378,2858783224,2858793,7.52537
1.48013,2858820664,2858831,7.64451
1.58808,2858858108,2858868,7.76467
1.60563,2858895544,2858906,7.88876
1.58541,2858932984,2858944,8.01207
1.51789,2858970424,2858981,8.12954
1.47593,2859007864,2859019,8.24852
1.48547,2859045304,2859056,8.36473
1.49348,2859082744,2859094,8.48441
1.57244,2859120188,2859130,8.60075
1.46639,2859157624,2859168,8.71933
1.43931,2859195064,2859205,8.83373
1.36263,2859232504,2859243,8.94804
0.02708,2859281064,2859291,0.02036
0.02365,2860141160,2860151,0.34085
0.06294,2860165080,2860176,0.35701
0.04349,2860478028,2860488,0.16768
0.04540,2861224596,2861235,0.41016
0.03395,2862215700,2862226,0.47058
0.04120,2862261860,2862272,0.02406
0.02632,2862285780,2862297,0.03451
0.02441,2862309712,2862320,0.04378
0.26894,2862467020,2862478,0.21116
0.11368,2862502076,2862513,0.03041
0.02289,2862526004,2862536,0.03938
0.02441,2862561064,2862572,0.01450
0.02174,2863029700,2863040,0.17785
0.06104,2863053632,2863065,0.19376
0.18502,2863077572,2863088,0.21926
0.29679,2863101524,2863112,0.25295
0.36469,2863126560,2863137,0.29186
0.44823,2863164000,2863174,0.35570
0.62219,2863201440,2863212,0.43295
0.74197,2863238880,2863249,0.51508
0.88006,2863276320,2863287,0.60695
1.04906,2863313764,2863325,0.70725
1.22568,2863351200,2863362,0.81282
1.30694,2863388644,2863399,0.92182
1.40612,2863426080,2863436,1.03489
1.48127,2863463520,2863474,1.15408
1.29549,2863500964,2863511,1.26261
1.43854,2863538400,2863549,1.38007
1.34775,2863575848,2863587,1.49376
1.65713,2863613280,2863624,1.61650
2.00465,2863650724,2863662,1.75516
2.43648,2863688160,2863698,1.89997
2.55474,2863725600,2863736,2.05650
2.51202,2863763040,2863773,2.20762
2.76112,2863800480,2863811,2.37035
2.49065,2863837920,2863848,2.52083
2.22477,2863875360,2863886,2.66690
2.20493,2863912804,2863924,2.81232
2.32471,2863950240,2863961,2.95770
2.12367,2863987684,2863998,3.09666
2.04433,2864025120,2864035,3.23299
2.21790,2864062560,2864073,3.37883
2.28199,2864100000,2864110,3.52287
2.02945,2864137440,2864148,3.66238
2.07599,2864174884,2864186,3.80348
2.36477,2864212320,2864223,3.95011
2.10117,2864249764,2864261,4.09207
2.03899,2864287200,2864297,4.22454
2.54177,2864324640,2864335,4.38067
3.24025,2864362080,2864372,4.55231
3.42336,2864399520,2864410,4.73350
3.55955,2864436960,2864448,4.91827
3.43824,2864474400,2864485,5.09507
3.19638,2864511844,2864523,5.27015
3.06058,2864549280,2864560,5.43697
3.11131,2864586724,2864598,5.60971
3.12047,2864624160,2864634,5.77359
3.08423,2864661600,2864672,5.94558
3.15023,2864699040,2864709,6.11481
3.07012,2864736480,2864747,6.28640
3.43481,2864773924,2864785,6.46790
3.60723,2864811360,2864822,6.64900
3.19638,2864848804,2864860,6.82408
2.89998,2864886240,2864897,6.98646
2.85191,2864923680,2864934,7.14749
2.96216,2864961120,2864971,7.31160
2.86679,2864998560,2865009,7.47741
2.94041,2865036004,2865046,7.64091
3.37186,2865073440,2865084,7.82074
3.37453,2865110884,2865122,8.00063
2.96674,2865148320,2865159,8.16487
3.03502,2865185764,2865197,8.33548
3.04036,2865223200,2865233,8.49724
2.72068,2865260640,2865271,8.65877
2.50324,2865298084,2865308,8.80964
0.06561,2866124928,2866136,0.54658
0.37919,2868105372,2868116,3.14211
0.08659,2868129304,2868140,3.16031
0.04807,2868164384,2868175,0.01977
0.02022,2868621908,2868632,0.16746
0.05074,2868645836,2868657,0.18197
0.12932,2868669772,2868680,0.20329
0.32311,2868693708,2868704,0.23845
0.59319,2868718772,2868729,0.28807
1.16121,2868756212,2868767,0.39360
1.64912,2868793652,2868804,0.51605
1.88067,2868831088,2868842,0.65034
1.99397,2868868532,2868879,0.78499
2.24460,2868905972,2868917,0.93171
2.44678,2868943412,2868954,1.08086
2.56886,2868980852,2868992,1.23782
2.85458,2869018292,2869028,1.39457
2.75387,2869055732,2869066,1.55708
2.66155,2869093168,2869104,1.71684
2.55665,2869130612,2869141,1.86931
2.44678,2869168052,2869179,2.02249
2.48875,2869205492,2869216,2.17291
2.56695,2869242932,2869254,2.32981
2.65011,2869280372,2869291,2.48504
2.63447,2869317812,2869328,2.63981
2.74701,2869355252,2869366,2.80212
2.81415,2869392692,2869403,2.96207
2.79850,2869430128,2869441,3.12590
2.74777,2869467572,2869478,3.28396
2.88396,2869505012,2869516,3.45026
2.81415,2869542452,2869553,3.61022
2.86069,2869579892,2869591,3.77585
2.80652,2869617332,2869627,3.93128
2.78210,2869654772,2869665,4.09462
3.05982,2869692208,2869703,4.26592
3.01175,2869729652,2869740,4.43140
3.10941,2869767088,2869778,4.60408
3.10140,2869804532,2869815,4.77200
3.07546,2869841972,2869853,4.94374
3.17693,2869879412,2869890,5.11370
3.23606,2869916852,2869927,5.28523
3.15709,2869954292,2869965,5.45923
3.08309,2869991732,2870002,5.62666
2.98619,2870029172,2870040,5.79589
2.96941,2870066612,2870077,5.96020
2.94652,2870104052,2870115,6.12830
3.02396,2870141492,2870152,6.29411
3.00832,2870178932,2870190,6.46396
2.81415,2870216372,2870226,6.61960
2.69894,2870253812,2870264,6.78048
2.74434,2870291248,2870302,6.94271
2.57687,2870328692,2870339,7.09578
2.43114,2870366128,2870377,7.24847
2.50095,2870403572,2870414,7.39926
2.51392,2870441012,2870452,7.55453
2.57687,2870478452,2870489,7.70760
2.44869,2870515892,2870526,7.85681
2.32280,2870553332,2870564,8.00606
2.26444,2870590772,2870601,8.14955
2.08286,2870628208,2870639,8.29088
1.78416,2870665652,2870676,8.41825
1.31304,2870703088,2870714,8.53046
0.97200,2870740532,2870751,8.62447
0.71069,2870777972,2870789,8.70702
0.57488,2870815412,2870825,8.77737
0.04005,2871286452,2871297,0.24344
0.02174,2872144132,2872155,0.32605
0.02518,2872179160,2872189,0.01390
0.03319,2873114712,2873125,0.43944
0.02365,2873260924,2873272,0.05826
0.03510,2873329320,2873339,0.03235
0.04807,2873353248,2873364,0.04647
0.04273,2873377168,2873388,0.05926
0.07439,2873423336,2873434,0.03233
0.05341,2873447284,2873458,0.04663
0.05074,2873471236,2873482,0.06056
0.02022,2873501072,2873511,0.07118
0.02022,2873549636,2873561,0.01832
0.02785,2873931752,2873943,0.16428
0.10986,2873955680,2873966,0.18393
0.40742,2873979624,2873990,0.22341
0.70459,2874003564,2874014,0.27532
0.92889,2874028620,2874039,0.33742
1.36492,2874066060,2874077,0.45183
1.89822,2874103500,2874114,0.58320
2.18929,2874140940,2874151,0.72429
2.18853,2874178384,2874189,0.86916
2.44068,2874215820,2874226,1.01813
2.46624,2874253264,2874264,1.17192
2.59060,2874290700,2874301,1.32539
2.66995,2874328140,2874339,1.48541
2.75044,2874365580,2874376,1.64354
3.08042,2874403020,2874414,1.81542
2.99954,2874440468,2874451,1.98056
3.22461,2874477900,2874488,2.15179
3.48020,2874515344,2874526,2.33448
3.53590,2874552780,2874563,2.51378
3.39208,2874590220,2874601,2.69414
3.50385,2874627660,2874638,2.87263
3.48211,2874665100,2874676,3.05537
3.57710,2874702540,2874713,3.23571
3.64042,2874739980,2874750,3.41764
3.74533,2874777424,2874788,3.60716
4.08789,2874814860,2874825,3.79995
3.90135,2874852304,2874863,3.99338
3.99825,2874889740,2874900,4.18404
4.04364,2874927180,2874938,4.38097
4.28855,2874964620,2874975,4.57843
4.10544,2875002060,2875013,4.77685
4.22293,2875039508,2875051,4.97809
4.17716,2875076940,2875087,5.16771
4.15045,2875114384,2875125,5.36722
3.86664,2875151820,2875162,5.55472
3.84909,2875189260,2875200,5.74685
3.67971,2875226700,2875237,5.92976
3.53437,2875264140,2875275,6.11386
3.53590,2875301580,2875312,6.29316
3.51415,2875339020,2875350,6.47674
3.45922,2875376464,2875387,6.65409
3.24750,2875413900,2875424,6.82592
3.18570,2875451344,2875462,7.00071
3.16739,2875488780,2875499,7.17041
3.04494,2875526220,2875537,7.34129
2.78973,2875563660,2875574,7.50056
2.67720,2875601100,2875612,7.66079
2.49981,2875638548,2875650,7.81562
2.18242,2875675980,2875686,7.95268
2.01839,2875713424,2875724,8.09181
1.66667,2875750860,2875761,8.21491
1.55947,2875788300,2875799,8.33720
1.53429,2875825740,2875836,8.45531
1.31228,2875863180,2875874,8.56749
1.04639,2875900620,2875911,8.66503
0.26703,2902257236,2902267,0.13450
0.12055,2902292284,2902303,0.03221
0.02976,2902327336,2902338,0.01556
0.02441,2903118428,2903129,0.31851
0.04349,2903142360,2903153,0.33141
0.18502,2903166304,2903177,0.35802
0.32044,2903190240,2903200,0.39157
0.50927,2903215300,2903226,0.43939
0.64355,2903252740,2903264,0.51795
0.73434,2903290180,2903301,0.59966
0.74121,2903327620,2903339,0.68397
0.96704,2903365060,2903375,0.77520
1.25391,2903402508,2903413,0.88486
1.37369,2903439940,2903450,0.99662
1.60639,2903477384,2903488,1.12074
2.06531,2903514820,2903525,1.25777
2.15534,2903552260,2903563,1.40154
2.32204,2903589704,2903601,1.55077
2.14847,2903627140,2903638,1.69053
2.35180,2903664580,2903675,1.83676
2.77829,2903702020,2903712,1.99570
2.92325,2903739460,2903750,2.16313
2.97742,2903776900,2903787,2.32766
3.10063,2903814340,2903825,2.50010
3.25628,2903851784,2903863,2.67682
3.29786,2903889220,2903900,2.84998
3.64652,2903926660,2903938,3.03698
4.13176,2903964100,2903974,3.22556
4.29541,2904001548,2904012,3.42853
4.07950,2904038980,2904049,3.62112
4.60059,2904076420,2904087,3.83117
4.90768,2904113864,2904124,4.04240
4.99809,2904151300,2904162,4.26134
4.84092,2904188744,2904200,4.47680
5.16442,2904226180,2904237,4.69349
5.17472,2904263624,2904274,4.91040
5.38643,2904301060,2904311,5.13170
5.62486,2904338500,2904349,5.36396
5.18273,2904375944,2904386,5.58103
4.21454,2904413384,2904424,5.78208
3.78004,2904450824,2904462,5.97247
3.51873,2904488264,2904499,6.15134
3.50195,2904525700,2904537,6.33460
3.74952,2904563144,2904573,6.51425
3.80217,2904600592,2904611,6.70520
3.86740,2904638020,2904648,6.89272
3.91241,2904675464,2904686,7.08642
3.93645,2904712900,2904723,7.27560
3.77241,2904750340,2904761,7.46581
3.84642,2904787780,2904799,7.65787
3.73922,2904825220,2904836,7.84225
3.45769,2904862660,2904873,8.01956
3.40314,2904900100,2904910,8.19546
3.47486,2904937540,2904948,8.37801
3.46265,2904974984,2904985,8.55545
3.02472,2905012420,2905023,8.72576
2.55131,2905049860,2905061,8.88218
0.06561,2905787696,2905798,0.48651
0.06905,2905900544,2905911,0.07652
0.03395,2906624788,2906636,0.34427
0.04730,2907282380,2907293,0.36825
0.32807,2907461940,2907472,0.26422
0.08392,2907496980,2907507,0.02613
0.04005,2907520924,2907532,0.03902
0.02022,2907555960,2907567,0.01283
0.02976,2907946820,2907958,0.17381
0.08469,2907970764,2907981,0.19106
0.21820,2907994700,2908005,0.21996
0.38529,2908018636,2908029,0.25835
0.61494,2908043692,2908054,0.30887
0.85031,2908081136,2908092,0.39917
0.89647,2908118572,2908129,0.48945
1.10323,2908156012,2908167,0.59231
1.27031,2908193452,2908204,0.69978
1.37293,2908230892,2908241,0.81151
1.61517,2908268336,2908279,0.93597
1.83757,2908305772,2908316,1.06522
1.98291,2908343216,2908354,1.20312
2.02068,2908380652,2908391,1.33867
1.88334,2908418092,2908429,1.47306
1.80858,2908455532,2908466,1.60129
1.81811,2908492972,2908504,1.73334
1.79103,2908530412,2908540,1.85750
1.80858,2908567852,2908578,1.98920
1.90700,2908605296,2908616,2.12443
2.10384,2908642732,2908653,2.26274
2.09773,2908680176,2908691,2.40458
2.22400,2908717612,2908728,2.54678
2.30297,2908755052,2908766,2.69539
2.55245,2908792492,2908803,2.84773
2.57916,2908829932,2908840,3.00086
2.44793,2908867376,2908878,3.15408
2.34379,2908904812,2908915,3.30006
2.28275,2908942256,2908953,3.44802
2.13359,2908979692,2908990,3.58730
2.30983,2909017132,2909028,3.73613
2.40139,2909054572,2909065,3.88389
2.43381,2909092012,2909103,4.03667
2.47730,2909129452,2909140,4.18675
2.52956,2909166892,2909177,4.33840
2.69017,2909204336,2909215,4.49902
2.67720,2909241772,2909252,4.65504
2.55474,2909279216,2909290,4.81157
2.46700,2909316652,2909327,4.96133
2.67185,2909354092,2909365,5.12141
2.92668,2909391532,2909402,5.28453
2.90227,2909428972,2909440,5.45137
2.73556,2909466416,2909477,5.60907
2.58450,2909503852,2909514,5.76237
2.36820,2909541296,2909552,5.91307
2.32204,2909578732,2909589,6.05837
2.20607,2909616172,2909627,6.20382
2.17021,2909653612,2909664,6.34429
2.12749,2909691052,2909702,6.48713
1.99779,2909728492,2909740,6.62555
2.02678,2909765932,2909776,6.75763
1.93294,2909803376,2909814,6.89378
1.90166,2909840812,2909851,7.02527
1.87648,2909878256,2909889,7.15942
1.74182,2909915692,2909926,7.28526
1.54345,2909953132,2909964,7.40692
1.37217,2909990572,2910001,7.51862
1.33021,2910028012,2910039,7.63157
1.32601,2910065456,2910076,7.74137
1.27565,2910102892,2910113,7.84906
1.17266,2910140336,2910151,7.95511
1.04982,2910177772,2910188,8.05281
0.95903,2910215212,2910226,8.14871
0.94682,2910252652,2910263,8.24149
0.97047,2910290092,2910301,8.33796
1.06050,2910327532,2910338,8.43616
1.11887,2910364972,2910375,8.53702
1.01320,2910402416,2910413,8.63559
0.93309,2910439852,2910450,8.72770
0.80835,2910477296,2910488,8.81575
0.79614,2910514732,2910525,8.90083
0.02098,2911341548,2911352,0.30871
0.10376,2911376592,2911387,0.02905
0.02174,2911956348,2911967,0.22041
0.03128,2912525004,2912535,0.25889
0.03738,2913160348,2913171,0.31691
0.37766,2913417740,2913428,0.40702
0.07172,2913441672,2913453,0.42427
0.04463,2913476728,2913487,0.01851
0.02289,2913845280,2913856,0.14387
0.06371,2913869212,2913880,0.15948
0.22889,2913893160,2913904,0.18907
0.40284,2913917120,2913928,0.22833
0.63897,2913942148,2913952,0.27777
1.04372,2913979588,2913990,0.37781
1.42252,2914017028,2914028,0.49461
1.62928,2914054468,2914065,0.61632
1.78492,2914091908,2914103,0.74716
2.08019,2914129348,2914140,0.88468
2.51812,2914166792,2914178,1.04008
2.58183,2914204228,2914214,1.18916
2.80385,2914241668,2914252,1.35314
2.74968,2914279108,2914289,1.51125
2.79507,2914316548,2914327,1.67497
2.91905,2914353988,2914365,1.84229
2.74090,2914391428,2914402,2.00015
2.71801,2914428868,2914440,2.16160
2.70924,2914466308,2914477,2.31855
2.77829,2914503748,2914514,2.47748
2.54101,2914541188,2914551,2.62948
2.71038,2914578628,2914589,2.79070
2.79774,2914616064,2914627,2.95450
2.77943,2914653508,2914664,3.11347
2.86297,2914690948,2914702,3.27917
2.86908,2914728388,2914739,3.44068
2.72412,2914765832,2914777,3.60231
2.77600,2914803268,2914813,3.75689
2.55322,2914840708,2914851,3.91337
2.34112,2914878148,2914888,4.05927
2.33883,2914915588,2914926,4.20903
2.42161,2914953028,2914964,4.36142
2.49409,2914990468,2915001,4.51201
2.48875,2915027908,2915039,4.66650
2.51202,2915065348,2915076,4.81763
2.48112,2915102788,2915113,4.96782
2.33501,2915140228,2915150,5.11353
2.42695,2915177668,2915188,5.26609
2.28122,2915215104,2915226,5.41400
2.06722,2915252544,2915263,5.55109
1.99664,2915289988,2915301,5.68947
1.98558,2915327428,2915338,5.82383
1.96536,2915364872,2915376,5.96112
1.91043,2915402308,2915412,6.08935
1.90242,2915439748,2915450,6.22443
2.08705,2915477188,2915487,6.36218
2.10307,2915514628,2915525,6.50420
2.11528,2915552068,2915563,6.64662
2.11604,2915589508,2915600,6.78533
2.11070,2915626948,2915638,6.92760
2.04891,2915664388,2915675,7.06409
2.08209,2915701828,2915713,7.20540
1.86961,2915739268,2915749,7.33225
1.64759,2915776708,2915787,7.45795
1.50568,2915814148,2915825,7.57812
1.53849,2915851588,2915862,7.69639
1.50988,2915889028,2915900,7.81672
1.37217,2915926468,2915937,7.92842
1.12917,2915963912,2915975,8.03248
1.04295,2916001348,2916012,8.12986
1.01740,2916038788,2916049,8.22604
0.99222,2916076228,2916086,8.32102
0.98955,2916113668,2916124,8.41843
0.92889,2916151108,2916162,8.51282
0.95636,2916188548,2916199,8.60607
0.86519,2916225988,2916237,8.69715
0.72633,2916263428,2916274,8.77842
0.03128,2916990212,2917001,0.33136
0.09689,2917014136,2917024,0.34981
0.02632,2917127040,2917138,0.04766
0.05684,2917440016,2917450,0.19169
0.04120,2918275448,2918286,0.43730
0.23041,2919021960,2919032,0.92283
0.10300,2919056996,2919067,0.02895
0.04005,2919092060,2919103,0.01857
0.02441,2919116004,2919127,0.02823
0.02098,2919506824,2919518,0.14596
0.07439,2919530756,2919541,0.16212
0.25673,2919554696,2919565,0.19346
0.46387,2919578656,2919589,0.23559
0.72366,2919603684,2919614,0.29039
0.98878,2919641124,2919652,0.38777
1.26955,2919678564,2919689,0.49521
1.48814,2919716004,2919727,0.61467
1.52552,2919753444,2919763,0.72926
1.80705,2919790884,2919801,0.86090
2.04166,2919828320,2919839,1.00083
2.41131,2919865764,2919876,1.14890
3.00450,2919903204,2919914,1.31864
3.06058,2919940644,2919951,1.48546
3.17006,2919978084,2919989,1.65982
3.29595,2920015524,2920026,1.83293
3.38216,2920052964,2920064,2.01303
3.47486,2920090408,2920101,2.19077
3.53780,2920127844,2920138,2.37012
3.59007,2920165284,2920176,2.55567
3.63012,2920202724,2920213,2.73735
3.60456,2920240164,2920251,2.92327
3.83001,2920277604,2920288,3.10988
3.87694,2920315044,2920326,3.30270
3.79149,2920352484,2920364,3.49339
3.94789,2920389924,2920400,3.67773
4.09514,2920427360,2920438,3.87590
4.08103,2920464804,2920475,4.06853
4.11498,2920502240,2920513,4.26718
4.27558,2920539684,2920550,4.46435
4.40185,2920577124,2920588,4.66981
4.42168,2920614564,2920625,4.87031
4.46975,2920652004,2920663,5.07735
4.55444,2920689448,2920700,5.28084
4.07759,2920726884,2920737,5.47339
3.88876,2920764320,2920775,5.66651
3.74952,2920801764,2920812,5.85114
3.77585,2920839204,2920850,6.04144
3.39551,2920876644,2920887,6.21714
3.21965,2920914084,2920925,6.39286
2.78210,2920951524,2920962,6.55190
2.56199,2920988964,2920999,6.70453
2.51469,2921026400,2921037,6.85982
2.47234,2921063844,2921074,7.00975
2.63676,2921101284,2921112,7.16877
2.63447,2921138724,2921149,7.32354
2.62722,2921176164,2921187,7.48227
2.72946,2921213604,2921224,7.63980
2.47387,2921251044,2921262,7.79383
2.03059,2921288484,2921299,7.92970
1.72160,2921325924,2921336,8.05482
1.74525,2921363360,2921374,8.18419
1.69451,2921400804,2921411,8.30831
1.32677,2921438244,2921449,8.42111
1.47593,2921475684,2921486,8.53695
1.50225,2921513124,2921524,8.65698
0.40208,2921550564,2921561,8.71744












