2.61959,1028540448,1028551,5.20201
2.55245,1028577888,1028588,5.35435
2.47921,1028615328,1028626,5.50855
2.41131,1028652768,1028663,5.65661
2.51125,1028690208,1028701,5.81180
2.53033,1028727648,1028739,5.96758
2.41970,1028765088,1028775,6.11189
2.36591,1028802528,1028813,6.26252
2.38766,1028839968,1028850,6.40986
2.11604,1028877408,1028888,6.55232
2.01076,1028914848,1028925,6.68753
2.00809,1028952288,1028963,6.82630
1.86618,1028989736,1029001,6.96008
1.90356,1029027168,1029038,7.09164
1.74182,1029064608,1029075,7.21748
1.74716,1029102048,1029112,7.34352
1.63424,1029139488,1029150,7.46871
1.67277,1029176928,1029187,7.59203
1.82155,1029214368,1029225,7.72420
1.74258,1029251808,1029262,7.85007
1.66857,1029289248,1029300,7.97657
1.61784,1029326688,1029338,8.10113
1.57435,1029364128,1029374,8.21754
1.74983,1029401568,1029412,8.34708
1.61784,1029439008,1029449,8.46837
1.42634,1029476448,1029487,8.58532
1.25734,1029513888,1029524,8.69224
0.15984,1029551328,1029562,8.73140
0.02899,1029588776,1029600,8.74807
0.06447,1030248860,1030259,0.43121
0.04616,1030361708,1030372,0.06257
0.04616,1030519036,1030530,0.08748
0.04540,1030731924,1030743,0.11695
0.10567,1030778092,1030789,0.03854
0.13428,1030824232,1030835,0.04344
0.09422,1030881500,1030892,0.04509
0.14229,1030938756,1030949,0.05541
0.06104,1030973780,1030984,0.02228
0.05493,1031031048,1031042,0.03503
0.04349,1031054956,1031065,0.04739
0.05417,1031078888,1031090,0.06239
0.03510,1031113936,1031124,0.01641
0.17205,1031193436,1031204,0.08551
0.02899,1031217360,1031228,0.09605
0.08125,1031319116,1031329,0.07419
0.17205,1031365268,1031375,0.04917
0.11978,1031389196,1031400,0.07147
0.05684,1031413132,1031424,0.08621
0.09079,1031437072,1031448,0.10485
0.06027,1031473248,1031484,0.02278
0.10910,1031532932,1031543,0.05022
0.24529,1031579092,1031589,0.05871
0.02785,1031636368,1031647,0.02494
0.02441,1031671400,1031682,0.01409
0.14420,1031728672,1031739,0.05578
0.04807,1031763716,1031775,0.02034
0.13695,1031787648,1031798,0.04228
0.06828,1031856056,1031867,0.04647
0.06447,1031879976,1031890,0.06152
0.03586,1032037320,1032048,0.07711
0.04616,1032061244,1032072,0.09039
0.34524,1032174108,1032184,0.16959
0.11101,1032209156,1032220,0.03091
0.02441,1032244200,1032255,0.01409
0.03052,1032268128,1032279,0.02490
0.02098,1032658952,1032670,0.14596
0.08049,1032682880,1032693,0.16277
0.30365,1032706816,1032718,0.19827
0.54360,1032730764,1032741,0.24198
0.70535,1032755812,1032766,0.29609
0.96513,1032793252,1032804,0.39229
1.42176,1032830692,1032841,0.50599
1.72618,1032868132,1032879,0.63465
2.01915,1032905572,1032916,0.77014
2.01152,1032943012,1032953,0.90538
2.09316,1032980448,1032991,1.04706
2.19806,1033017892,1033028,1.18843
2.37697,1033055332,1033066,1.33941
2.47578,1033092772,1033103,1.48945
2.53490,1033130212,1033141,1.64536
2.75578,1033167652,1033179,1.80793
2.81682,1033205092,1033216,1.96796
2.77333,1033242528,1033253,2.12676
2.89273,1033279972,1033290,2.28893
3.05104,1033317412,1033328,2.45999
2.97360,1033354852,1033365,2.62442
2.96941,1033392292,1033403,2.79317
2.96826,1033429732,1033441,2.96189
3.13611,1033467172,1033478,3.13075
3.19905,1033504612,1033516,3.30590
3.19028,1033542052,1033552,3.47161
3.43137,1033579492,1033590,3.65301
3.39208,1033616932,1033627,3.82863
3.54047,1033654372,1033665,4.01290
3.56565,1033691812,1033702,4.19295
3.44511,1033729252,1033740,4.37472
3.62898,1033766692,1033778,4.56127
3.44091,1033804132,1033815,4.73815
3.41382,1033841568,1033852,4.91432
3.33066,1033879012,1033889,5.08834
3.24559,1033916452,1033927,5.26477
3.06744,1033953892,1033964,5.43177
3.00031,1033991332,1034002,5.60140
3.03502,1034028772,1034039,5.76751
2.89197,1034066212,1034077,5.93405
2.85954,1034103648,1034115,6.09965
2.91638,1034141092,1034151,6.25809
2.69207,1034178528,1034189,6.41876
2.72679,1034215972,1034226,6.57622
2.49065,1034253412,1034264,6.73077
2.50324,1034290852,1034301,6.88163
2.52346,1034328292,1034339,7.03720
2.29839,1034365736,1034377,7.18566
2.16754,1034403172,1034414,7.32604
2.18318,1034440608,1034451,7.46693
2.20417,1034478052,1034488,7.60850
2.00732,1034515492,1034526,7.74724
1.92950,1034552932,1034563,7.87969
1.87457,1034590372,1034601,8.01377
1.87724,1034627812,1034638,8.14442
1.83566,1034665252,1034676,8.27710
1.55680,1034702688,1034714,8.39929
1.45228,1034740132,1034750,8.51109
1.36950,1034777568,1034788,8.62569
0.02022,1034848360,1034859,0.02602
0.02899,1035472612,1035483,0.27381
0.16327,1035919016,1035929,0.46443
0.10491,1035976296,1035986,0.04758
0.13352,1036066920,1036078,0.08663
0.08125,1036335392,1036346,0.19687
0.13352,1036548320,1036559,0.20057
0.07782,1036594452,1036605,0.03307
0.03586,1036651716,1036662,0.02782
0.04616,1036720088,1036731,0.03820
0.08125,1036788468,1036798,0.04922
0.22507,1036823508,1036834,0.04401
0.11597,1036936356,1036947,0.09917
0.14496,1036993628,1037004,0.05593
0.05417,1037017536,1037028,0.07032
0.03738,1037441696,1037452,0.21127
0.05493,1037465628,1037476,0.22577
0.04883,1037489560,1037500,0.23944
0.24529,1037580232,1037591,0.11615
0.12055,1037615276,1037626,0.03132
0.02632,1037639204,1037649,0.04093
0.02976,1037674236,1037685,0.01600
0.02708,1037998360,1038009,0.13742
0.10986,1038022284,1038032,0.15706
0.38033,1038046232,1038057,0.19680
0.74464,1038070168,1038081,0.25017
1.00710,1038095212,1038106,0.31482
1.26345,1038132652,1038143,0.42200
1.54269,1038170092,1038181,0.54364
1.89479,1038207532,1038218,0.67489
2.00465,1038244976,1038256,0.81354
2.39376,1038282412,1038292,0.95708
2.75044,1038319856,1038330,1.11949
2.83589,1038357292,1038368,1.28441
2.79698,1038394732,1038405,1.44388
2.94308,1038432172,1038443,1.61188
2.80385,1038469612,1038480,1.77154
2.59403,1038507052,1038518,1.92927
2.52689,1038544492,1038555,2.08084
2.38499,1038581932,1038593,2.23208
2.46014,1038619376,1038630,2.38164
2.53643,1038656816,1038667,2.53350
2.71115,1038694252,1038705,2.69474
2.98466,1038731696,1038742,2.85947
3.36156,1038769132,1038780,3.03902
3.21279,1038806572,1038817,3.20994
3.47333,1038844016,1038855,3.39245
3.65454,1038881456,1038892,3.57473
3.55802,1038918892,1038929,3.75459
3.73732,1038956332,1038967,3.94391
3.72168,1038993772,1039004,4.12786
3.74266,1039031212,1039042,4.31731
3.83612,1039068652,1039079,4.50407
3.63355,1039106092,1039117,4.69074
3.53361,1039143532,1039154,4.86998
3.42756,1039180972,1039192,5.05129
3.33333,1039218412,1039229,5.22537
3.15976,1039255852,1039266,5.39487
3.10750,1039293292,1039304,5.56750
3.03426,1039330732,1039341,5.73360
3.03616,1039368172,1039379,5.90423
2.86145,1039405612,1039416,6.06553
2.74548,1039443052,1039454,6.22779
2.60472,1039480492,1039491,6.38168
2.53910,1039517936,1039528,6.53362
2.30449,1039555372,1039566,6.68229
2.38575,1039592812,1039603,6.82957
2.41817,1039630256,1039641,6.98185
2.21332,1039667696,1039678,7.12371
2.05386,1039705136,1039716,7.26405
2.03212,1039742572,1039753,7.39998
2.04013,1039780012,1039791,7.53986
1.97147,1039817452,1039827,7.67012
1.83299,1039854892,1039865,7.80271
1.77996,1039892332,1039903,7.93336
1.93294,1039929772,1039940,8.06593
1.84596,1039967216,1039978,8.19898
1.64149,1040004652,1040015,8.32115
1.73228,1040042092,1040053,8.45004
1.53086,1040079532,1040090,8.56801
0.59510,1040116972,1040128,8.64356
0.04730,1040154416,1040165,8.66430
0.05226,1040714436,1040724,0.32933
0.07858,1041305304,1041315,0.42696
0.05684,1041662772,1041674,0.22057
0.04616,1041697828,1041709,0.01938
0.08469,1041732868,1041743,0.02550
0.04540,1041767912,1041778,0.01922
0.07515,1041847420,1041858,0.05652
0.10758,1041882444,1041893,0.02958
0.20180,1041984184,1041994,0.11693
0.11101,1042152612,1042163,0.14511
0.36278,1042665708,1042676,0.79629
0.11368,1042700740,1042711,0.03041
0.02976,1042724664,1042736,0.04153
0.03319,1042759724,1042770,0.01596
0.02289,1043094972,1043105,0.13061
0.02976,1043118896,1043130,0.14173
0.10491,1043142864,1043153,0.16092
0.27504,1043166804,1043177,0.19336
0.55123,1043191836,1043203,0.24311
0.99413,1043229276,1043239,0.33561
1.51789,1043266716,1043277,0.45626
2.02335,1043304156,1043314,0.59190
2.43992,1043341600,1043352,0.74486
2.76532,1043379036,1043390,0.90771
3.05791,1043416476,1043427,1.07445
3.16854,1043453920,1043465,1.24877
3.17960,1043491356,1043502,1.41880
3.27840,1043528796,1043539,1.59145
3.20516,1043566240,1043576,1.76216
3.20668,1043603676,1043614,1.93752
3.31006,1043641120,1043652,2.11569
3.49851,1043678560,1043689,2.29404
3.51949,1043715996,1043727,2.47776
3.63012,1043753440,1043764,2.65943
3.83078,1043790880,1043802,2.85110
3.74342,1043828316,1043838,3.03060
3.86130,1043865756,1043876,3.22304
3.83001,1043903196,1043913,3.40964
3.95132,1043940636,1043951,3.60431
3.76783,1043978076,1043989,3.79440
3.76555,1044015516,1044026,3.97943
3.62287,1044052960,1044064,4.16583
3.58129,1044090400,1044101,4.34627
3.64042,1044127836,1044139,4.53312
3.46723,1044165276,1044175,4.70587
3.46799,1044202716,1044213,4.88824
3.62898,1044240164,1044251,5.07480
3.57977,1044277600,1044288,5.25521
3.47486,1044315036,1044326,5.43776
3.45922,1044352480,1044363,5.61510
3.69268,1044389916,1044401,5.80329
3.35546,1044427356,1044438,5.97795
3.36996,1044464796,1044475,6.15300
3.28374,1044502236,1044512,6.32578
3.17807,1044539680,1044550,6.50036
2.88052,1044577120,1044588,6.66657
3.00717,1044614560,1044625,6.83192
3.01595,1044651996,1044663,7.00199
2.93278,1044689436,1044700,7.16529
2.79431,1044726876,1044738,7.32899
2.75921,1044764316,1044774,7.48309
2.53147,1044801756,1044812,7.63891
2.29229,1044839200,1044850,7.78717
2.18051,1044876636,1044887,7.92798
2.37354,1044914076,1044925,8.07885
2.39185,1044951520,1044962,8.22632
2.55665,1044988956,1045000,8.38290
2.64057,1045026400,1045037,8.53785
0.17548,1045063836,1045074,8.57779
0.09766,1046135240,1046146,0.86333
0.04196,1046159172,1046170,0.87600
0.02708,1106740384,1106751,0.26593
0.04196,1106764308,1106775,0.27860
0.02708,1106921648,1106932,0.06659
0.03853,1107012268,1107022,0.04553
0.07515,1107080664,1107091,0.04875
0.03586,1107193504,1107204,0.05514
0.09422,1107250784,1107261,0.04509
0.08125,1107352524,1107363,0.07493
0.17357,1107420900,1107431,0.07301
0.03586,1107489292,1107500,0.03367
0.08278,1107513224,1107524,0.05147
0.12818,1107548264,1107559,0.03229
0.09422,1107627760,1107638,0.06249
0.13809,1107796216,1107807,0.16185
0.17815,1107820140,1107830,0.18686
0.32654,1107844080,1107855,0.22368
0.13352,1107890272,1107901,0.04332
0.21553,1107914212,1107924,0.07083
0.14420,1107938160,1107949,0.09530
0.06294,1108012412,1108023,0.04784
0.04273,1108091920,1108103,0.04261
0.09499,1108460492,1108471,0.29229
0.04005,1108484428,1108495,0.30467
0.04997,1108530576,1108541,0.02650
0.43183,1108599000,1108610,0.11685
0.08392,1108622928,1108633,0.13402
0.05608,1108657992,1108669,0.02197
0.03128,1109037664,1109048,0.17275
0.13199,1109061592,1109072,0.19522
0.27047,1109085536,1109096,0.22738
0.41009,1109109476,1109120,0.26699
0.52873,1109134520,1109145,0.31384
0.83276,1109171956,1109183,0.40320
1.05440,1109209400,1109220,0.50112
1.41756,1109246840,1109258,0.61771
1.82345,1109284280,1109295,0.74647
2.08553,1109321720,1109332,0.88417
2.37011,1109359160,1109369,1.03097
2.52003,1109396600,1109407,1.18643
2.57076,1109434040,1109444,1.33931
2.48951,1109471480,1109482,1.49383
2.51202,1109508920,1109520,1.64904
2.61158,1109546360,1109557,1.80313
2.83093,1109583800,1109595,1.96790
3.01328,1109621240,1109632,2.13342
3.09720,1109658680,1109669,2.30123
3.20172,1109696120,1109706,2.47185
2.47501,1109733560,1109744,2.62591
2.02602,1109770996,1109782,2.76530
1.91920,1109808440,1109819,2.89740
2.48722,1109845880,1109857,3.05184
2.61234,1109883320,1109894,3.20596
2.56466,1109920756,1109932,3.36279
1.76089,1109958200,1109968,3.48590
1.32753,1109995640,1110006,3.59873
1.34318,1110033080,1110043,3.70924
1.54612,1110070520,1110081,3.83101
1.92416,1110107960,1110119,3.96685
2.44068,1110145400,1110156,4.11582
2.97665,1110182836,1110194,4.28478
3.38598,1110220280,1110231,4.46023
3.38064,1110257720,1110268,4.63555
3.79339,1110295160,1110305,4.82127
4.17449,1110332600,1110343,5.02135
4.42779,1110370040,1110381,5.22742
3.97803,1110407480,1110418,5.41760
4.08026,1110444920,1110456,5.61541
4.35683,1110482360,1110493,5.81444
4.42969,1110519800,1110531,6.02055
4.25536,1110557240,1110567,6.21193
4.53269,1110594680,1110605,6.42043
4.38773,1110632120,1110642,6.62016
4.27100,1110669560,1110680,6.82255
4.17067,1110707000,1110718,7.02254
3.82811,1110744440,1110755,7.20910
3.92653,1110781880,1110793,7.40315
4.02953,1110819320,1110830,7.59456
3.77508,1110856760,1110867,7.77983
3.65797,1110894200,1110904,7.96220
3.81514,1110931640,1110942,8.15347
3.64233,1110969076,1110980,8.34037
3.36767,1111006520,1111017,8.51535
0.02022,1111110664,1111121,0.03811
0.13695,1112201896,1112212,1.04048
0.19799,1112225828,1112237,1.06915
0.02899,1112294240,1112305,0.02984
0.03586,1112318172,1112329,0.04155
0.10567,1112342100,1112352,0.06082
0.03586,1112388264,1112398,0.02245
0.06371,1112423332,1112434,0.02342
0.04349,1112458372,1112469,0.01881
0.06828,1112504548,1112515,0.03098
0.13886,1112572944,1112584,0.06626
0.05074,1112596864,1112607,0.07961
0.05341,1112654144,1112665,0.03454
0.12207,1112678052,1112688,0.05525
0.28534,1112735336,1112745,0.07847
0.04120,1112792604,1112803,0.03034
0.04463,1112849868,1112860,0.03103
0.04616,1112962716,1112973,0.06257
0.21744,1113008872,1113019,0.05528
0.03243,1113055032,1113066,0.02181
0.03853,1113112312,1113122,0.02833
0.02899,1113147352,1113158,0.01580
0.19036,1113182404,1113193,0.03935
0.21134,1113439792,1113450,0.30447
0.07668,1113474836,1113486,0.02569
0.04730,1113498772,1113509,0.03858
0.03929,1114034128,1114045,0.27381
0.20066,1114058064,1114068,0.30036
0.37423,1114081988,1114092,0.33820
0.51537,1114105928,1114117,0.38445
0.64355,1114131000,1114141,0.43406
0.84764,1114168440,1114179,0.52423
0.91592,1114205880,1114216,0.61548
0.91745,1114243320,1114254,0.70928
0.88540,1114280764,1114292,0.80143
0.98421,1114318200,1114329,0.89603
1.13642,1114355644,1114366,0.99767
1.35042,1114393080,1114403,1.10848
1.45228,1114430520,1114441,1.22650
1.53162,1114467960,1114478,1.34450
1.61975,1114505400,1114516,1.46914
1.73304,1114542840,1114554,1.59806
1.88869,1114580280,1114591,1.72910
2.05310,1114617724,1114629,1.86942
2.12558,1114655160,1114665,2.00468
2.04776,1114692604,1114703,2.14482
2.05501,1114730040,1114740,2.28151
1.98787,1114767480,1114778,2.41958
2.21256,1114804920,1114815,2.56141
2.26101,1114842360,1114853,2.70866
2.49905,1114879804,1114891,2.86348
2.54520,1114917240,1114928,3.01560
2.66842,1114954684,1114966,3.17557
2.78706,1114992120,1115002,3.33045
2.74701,1115029560,1115040,3.49276
2.76532,1115067000,1115077,3.65132
2.79927,1115104440,1115115,3.81517
2.85000,1115141880,1115153,3.98049
2.83093,1115179320,1115190,4.14093
2.79583,1115216764,1115228,4.30467
2.87976,1115254200,1115265,4.46648
2.91104,1115291644,1115302,4.62917
3.00031,1115329080,1115339,4.79434
2.79774,1115366520,1115377,4.95814
2.83093,1115403960,1115414,5.11857
2.91371,1115441400,1115452,5.28573
2.89807,1115478844,1115490,5.45244
2.78019,1115516280,1115527,5.61143
2.76112,1115553724,1115565,5.77416
2.66918,1115591160,1115601,5.92573
2.55856,1115628600,1115639,6.08238
2.65278,1115666040,1115676,6.23768
2.59327,1115703480,1115714,6.39538
2.58717,1115740920,1115752,6.55290
2.42695,1115778360,1115789,6.70144
2.48531,1115815804,1115827,6.85583
2.45556,1115853240,1115864,7.00525
2.47578,1115890684,1115901,7.15528
2.44526,1115928120,1115938,7.30439
2.34913,1115965560,1115976,7.45448
2.39528,1116003000,1116013,7.60205
2.39261,1116040440,1116051,7.75353
2.26368,1116077884,1116089,7.90087
2.08438,1116115320,1116126,8.03854
1.96727,1116152764,1116164,8.17589
1.87152,1116190200,1116200,8.30281
1.79561,1116227640,1116238,8.43404
1.63615,1116265080,1116275,8.55600
1.45838,1116302520,1116313,8.67427
1.22416,1116339964,1116351,8.78262
0.03586,1117022192,1117033,0.33282
0.04120,1117046128,1117057,0.34538
0.09003,1117359064,1117370,0.24203
0.04616,1117483024,1117494,0.06866
0.11978,1117595892,1117606,0.09990
0.05760,1117775452,1117786,0.11133
0.12932,1117955020,1117966,0.16682
0.02365,1117990072,1118001,0.01387
0.04005,1118013992,1118024,0.02573
0.05608,1118049032,1118060,0.02197
0.02441,1118239756,1118251,0.07691
0.03586,1118330384,1118341,0.04392
0.03662,1118432132,1118443,0.05030
0.05837,1118522744,1118533,0.05603
0.04349,1118924612,1118936,0.21658
0.04883,1118948548,1118959,0.22968
0.03662,1118983616,1118994,0.01726
0.04273,1119029784,1119040,0.02450
0.06447,1119175992,1119186,0.09553
0.02785,1119244384,1119255,0.02967
0.07515,1119279416,1119290,0.02473
0.07172,1119336692,1119347,0.03934
0.04005,1119393956,1119405,0.02991
0.02022,1119417860,1119428,0.03834
0.03929,1119464024,1119474,0.02350
0.06828,1119487968,1119499,0.04033
0.02976,1119511916,1119522,0.05056
0.02785,1119535860,1119547,0.06131
0.03319,1119565680,1119577,0.07539
0.02785,1119658712,1119669,0.03957
0.20180,1119682644,1119693,0.06735
0.09270,1119706572,1119717,0.08618
0.04463,1119741632,1119752,0.01906
0.02365,1119765564,1119776,0.02857
0.02632,1120204388,1120215,0.18355
0.21744,1120228316,1120239,0.21239
0.68437,1120252252,1120263,0.26356
1.13718,1120276204,1120287,0.32951
1.33440,1120301244,1120312,0.40394
1.49004,1120338684,1120350,0.52348
1.52667,1120376124,1120387,0.64129
1.67811,1120413564,1120424,0.76481
1.59686,1120451004,1120461,0.88531
1.65522,1120488444,1120499,1.01130
1.76356,1120525884,1120536,1.13793
1.83146,1120563324,1120574,1.27045
1.76890,1120600764,1120611,1.39727
1.74449,1120638204,1120649,1.52662
1.94629,1120675640,1120687,1.66324
2.08362,1120713084,1120723,1.79716
2.14847,1120750524,1120761,1.94070
2.20226,1120787964,1120798,2.08220
2.17288,1120825404,1120836,2.22656
2.25185,1120862844,1120873,2.36964
2.29686,1120900284,1120911,2.51806
2.26291,1120937724,1120949,2.66537
2.25185,1120975164,1120986,2.80846
2.27054,1121012604,1121024,2.95603
2.42847,1121050044,1121060,3.10060
2.41016,1121087480,1121098,3.25263
2.35447,1121124924,1121135,3.39895
2.30449,1121162364,1121173,3.54761
2.29953,1121199804,1121210,3.69220
2.35256,1121237244,1121248,3.84241
2.44411,1121274680,1121286,3.99551
2.30220,1121312124,1121323,4.14018
2.34569,1121349564,1121360,4.28622
2.63447,1121387004,1121397,4.44099
2.65774,1121424444,1121435,4.60064
2.74166,1121461884,1121472,4.75852
2.73480,1121499324,1121510,4.92047
2.78897,1121536764,1121548,5.08402
2.85267,1121574204,1121585,5.24507
2.66384,1121611640,1121623,5.40490
2.53223,1121649084,1121659,5.55253
2.40063,1121686524,1121697,5.70426
2.42580,1121723964,1121734,5.85277
2.38651,1121761404,1121772,6.00406
2.19806,1121798844,1121809,6.14543
2.28199,1121836284,1121847,6.29336
2.18853,1121873720,1121885,6.43824
2.06111,1121911164,1121922,6.57513
2.08629,1121948600,1121959,6.71286
2.03136,1121986044,1121996,6.84876
1.79294,1122023484,1122034,6.97988
1.66400,1122060924,1122071,7.10289
1.50378,1122098364,1122109,7.22298
1.37903,1122135804,1122147,7.33798
1.28061,1122173244,1122184,7.44588
1.31762,1122210684,1122222,7.55829
1.47402,1122248124,1122258,7.67093
1.54116,1122285564,1122296,7.79250
1.30541,1122323004,1122333,7.90145
1.15358,1122360444,1122371,8.00663
1.05783,1122397884,1122408,8.10470
0.94072,1122435324,1122446,8.19968
0.88617,1122472760,1122484,8.29187
0.83467,1122510204,1122521,8.37898
0.64698,1122547640,1122558,8.45568
0.56878,1122585084,1122595,8.52759
0.47723,1122622524,1122633,8.59524
0.53025,1122659964,1122670,8.66468
0.47532,1122697404,1122708,8.73219
0.21134,1122734844,1122746,8.77721
0.03586,1122772284,1122783,8.79527
0.02174,1215873724,1215884,0.25081
0.02785,1216264484,1216275,0.16815
0.07439,1216332872,1216344,0.04850
0.06294,1216412352,1216422,0.05043
0.02785,1216536312,1216547,0.05376
0.06981,1216582480,1216593,0.03132
0.07782,1216706456,1216717,0.08915
0.04120,1216741500,1216752,0.01831
0.09270,1216776548,1216787,0.02746
0.15183,1216800488,1216811,0.05156
0.12589,1216835556,1216846,0.03200
0.06561,1216870596,1216881,0.02310
0.62600,1216894512,1216905,0.07204
0.03395,1216951780,1216962,0.02707
0.04540,1216975704,1216987,0.04079
0.05226,1217010760,1217021,0.02003
0.06638,1217034676,1217045,0.03597
0.19913,1217065408,1217076,0.07162
0.03510,1217136208,1217146,0.03380
0.03929,1217182400,1217192,0.02350
0.02708,1217217448,1217228,0.01527
0.06027,1217252504,1217263,0.02214
0.02632,1217332024,1217343,0.03345
0.02289,1217367064,1217378,0.01365
0.04196,1217402112,1217413,0.01848
0.28992,1217781788,1217793,0.52729
0.03586,1217805712,1217816,0.53852
0.05493,1217840792,1217851,0.02114
0.02365,1217875848,1217887,0.01427
0.02174,1218377884,1218388,0.19039
0.15297,1218401796,1218412,0.21458
0.55238,1218425748,1218437,0.26246
0.92813,1218449704,1218460,0.31956
1.39734,1218474740,1218486,0.39877
1.96727,1218512176,1218523,0.53251
2.27054,1218549616,1218561,0.68007
2.28542,1218587056,1218597,0.82033
2.27741,1218624496,1218635,0.96811
2.28466,1218661936,1218672,1.11224
2.33501,1218699376,1218710,1.26188
2.19463,1218736816,1218747,1.40314
2.04509,1218774260,1218785,1.54319
2.08629,1218811696,1218823,1.68464
2.12978,1218849136,1218860,1.82379
2.10307,1218886576,1218897,1.96207
2.14199,1218924016,1218934,2.10162
2.20150,1218961456,1218972,2.24693
2.39719,1218998896,1219009,2.39456
2.27855,1219036336,1219047,2.54238
2.30640,1219073776,1219085,2.69111
2.29343,1219111216,1219122,2.83551
2.38308,1219148660,1219160,2.98668
2.35790,1219186096,1219196,3.12914
2.35523,1219223536,1219234,3.27943
2.46281,1219260976,1219271,3.42907
2.40520,1219298416,1219309,3.58095
2.35599,1219335856,1219346,3.72731
2.39719,1219373300,1219384,3.87893
2.41970,1219410736,1219422,4.03126
2.56962,1219448176,1219459,4.18411
2.53376,1219485616,1219496,4.33589
2.70924,1219523056,1219533,4.49284
2.60548,1219560496,1219571,4.65091
2.53490,1219597936,1219608,4.80273
2.60204,1219635376,1219646,4.96070
2.62722,1219672820,1219684,5.11943
2.72679,1219710256,1219721,5.27688
2.61616,1219747700,1219759,5.43528
2.64668,1219785136,1219795,5.58621
2.70085,1219822576,1219833,5.74715
2.73289,1219860016,1219870,5.90478
2.71649,1219897456,1219908,6.06619
2.81872,1219934896,1219945,6.22627
2.87022,1219972336,1219983,6.39218
2.96941,1220009776,1220021,6.56094
2.84390,1220047216,1220058,6.72174
2.87289,1220084656,1220096,6.88772
2.82368,1220122096,1220132,7.04362
2.67872,1220159536,1220170,7.20390
2.53758,1220196976,1220207,7.35579
2.31785,1220234416,1220245,7.50489
2.30907,1220271856,1220283,7.65370
2.12215,1220309296,1220320,7.79260
2.05501,1220346736,1220358,7.93299
1.92264,1220384176,1220395,8.06520
1.82078,1220421620,1220432,8.19387
1.94018,1220459056,1220469,8.32668
1.73037,1220496496,1220507,8.45550
1.79103,1220533936,1220544,8.58311
1.63958,1220571376,1220582,8.70851
0.07172,1220608816,1220620,8.73473
0.02098,1220646256,1220657,8.74854
0.03662,1221284100,1221295,0.31464
0.14305,1221730428,1221741,0.43472
0.10224,1221832152,1221842,0.08322
0.17357,1221878292,1221889,0.05046
0.04349,1221980032,1221991,0.05482
0.09766,1222003952,1222014,0.07334
0.05837,1222150152,1222161,0.09152
0.14153,1222329728,1222340,0.17354
0.02365,1222909456,1222920,0.22987
0.02708,1223344716,1223355,0.18449
0.04997,1223390884,1223401,0.02650
0.02289,1223470392,1223481,0.03119
0.12055,1223505428,1223516,0.03132
0.05226,1223529368,1223540,0.04546
0.08659,1223564424,1223575,0.02654
0.02899,1223610604,1223621,0.02018
0.04120,1223645652,1223656,0.01831
0.24186,1223669608,1223681,0.04999
0.08202,1223693560,1223704,0.06697
0.03586,1223728612,1223739,0.01708
0.02289,1223754464,1223764,0.02683
0.02174,1224214400,1224225,0.17519
0.07324,1224238328,1224249,0.19193
0.26970,1224262260,1224272,0.22271
0.51804,1224286212,1224297,0.26908
0.83009,1224311268,1224322,0.32778
1.37827,1224348708,1224359,0.43972
1.84253,1224386148,1224396,0.56915
2.06607,1224423588,1224434,0.70992
2.34035,1224461028,1224471,0.85579
2.64553,1224498468,1224509,1.01507
2.80728,1224535912,1224547,1.17915
3.08919,1224573348,1224584,1.34674
2.97284,1224610788,1224622,1.51559
3.03006,1224648228,1224658,1.67709
3.03616,1224685668,1224696,1.84772
2.95262,1224723108,1224733,2.01157
3.10864,1224760548,1224771,2.18423
3.19028,1224797992,1224809,2.35915
3.22919,1224835432,1224846,2.53049
3.35546,1224872872,1224884,2.70988
3.47944,1224910308,1224921,2.88774
3.42260,1224947748,1224958,3.06415
3.28298,1224985192,1224995,3.23692
3.26390,1225022628,1225033,3.41384
3.22995,1225060068,1225071,3.58984
3.22461,1225097508,1225108,3.76106
3.33333,1225134948,1225146,3.93986
3.42412,1225172392,1225183,4.11630
3.40085,1225209832,1225221,4.29690
3.47219,1225247268,1225257,4.46977
3.45502,1225284708,1225295,4.65180
3.44778,1225322148,1225332,4.82885
3.50042,1225359588,1225370,5.01207
3.58511,1225397032,1225408,5.19750
3.43214,1225434472,1225445,5.37415
3.35088,1225471908,1225483,5.55341
3.33066,1225509352,1225520,5.72743
3.46723,1225546788,1225558,5.90978
3.15518,1225584232,1225594,6.07457
3.18837,1225621668,1225632,6.24944
3.08576,1225659108,1225669,6.41694
2.94919,1225696548,1225707,6.58511
2.75235,1225733988,1225745,6.74758
2.78553,1225771428,1225782,6.90672
2.81147,1225808868,1225820,7.07092
2.63600,1225846312,1225857,7.22574
2.48875,1225883748,1225894,7.37616
2.43381,1225921188,1225931,7.52492
2.37697,1225958628,1225969,7.67590
2.07065,1225996072,1226007,7.81682
1.84977,1226033512,1226044,7.94650
1.87724,1226070948,1226082,8.08068
1.79561,1226108388,1226119,8.20845
1.72007,1226145832,1226157,8.33689
1.72351,1226183268,1226193,8.45868
1.60639,1226220708,1226231,8.58280
0.04883,1227014132,1227025,0.45216
0.09155,1227060268,1227071,0.03587
0.02899,1227417696,1227428,0.15665
0.04273,1227675076,1227685,0.13690
0.20600,1227721232,1227731,0.05380
0.02785,1227756284,1227767,0.01548
0.02899,1227813568,1227824,0.02501
0.10300,1227859732,1227871,0.03887
0.06218,1227917016,1227927,0.03599
0.20523,1227940940,1227952,0.06517
0.10147,1227964872,1227975,0.08406
0.02785,1227999928,1228010,0.01505
0.04349,1228079444,1228090,0.04299
0.04730,1228125584,1228136,0.02578
0.08278,1228149492,1228161,0.04432
0.40208,1228217912,1228228,0.10949
0.08202,1228241832,1228253,0.12794
0.09766,1228477004,1228487,0.18845
0.12055,1228712180,1228723,0.21116
0.06638,1228769456,1228780,0.03785
0.09880,1228915664,1228926,0.11827
0.06638,1228961816,1228973,0.03121
0.10224,1229274792,1229285,0.25709
0.04196,1229309832,1229321,0.01900
0.05684,1229333756,1229344,0.03314
0.06828,1229357692,1229368,0.04930
0.27504,1229392744,1229404,0.04866
0.10567,1229427804,1229438,0.02848
0.03586,1229462836,1229473,0.01708
0.02365,1229486764,1229497,0.02659
0.02174,1229955020,1229966,0.17823
0.09957,1229978944,1229989,0.19693
0.30976,1230002880,1230013,0.23135
0.55390,1230026832,1230038,0.27930
0.71260,1230051888,1230062,0.33151
1.16312,1230089324,1230100,0.43713
1.73381,1230126768,1230137,0.56268
2.16487,1230164208,1230175,0.70677
2.17975,1230201648,1230213,0.85135
2.45060,1230239088,1230249,0.99659
2.57839,1230276528,1230287,1.15384
2.42351,1230313968,1230324,1.30228
2.41016,1230351408,1230362,1.45431
2.40139,1230388848,1230399,1.60207
2.42084,1230426288,1230437,1.75444
2.52537,1230463728,1230475,1.91007
2.65621,1230501168,1230512,2.06547
2.78706,1230538608,1230550,2.22896
2.83513,1230576048,1230586,2.38517
3.00984,1230613488,1230624,2.55507
2.98962,1230650928,1230661,2.71994
2.72335,1230688368,1230699,2.88155
2.86221,1230725808,1230736,3.04286
2.81262,1230763248,1230774,3.20710
2.82483,1230800688,1230812,3.37169
2.69093,1230838128,1230849,3.52811
2.67872,1230875568,1230886,3.68417
2.55055,1230913008,1230923,3.83645
2.54635,1230950448,1230961,3.99272
2.59594,1230987888,1230998,4.14635
2.66384,1231025328,1231036,4.30618
2.82750,1231062768,1231074,4.47085
3.03616,1231100208,1231111,4.63700
2.94575,1231137648,1231149,4.80508
3.03616,1231175088,1231185,4.96674
3.09453,1231212528,1231223,5.13901
2.97932,1231249968,1231260,5.30359
2.88396,1231287408,1231298,5.46990
2.75654,1231324848,1231335,5.62821
2.74968,1231362288,1231373,5.79060
2.69627,1231399728,1231411,5.95140
2.64744,1231437168,1231448,6.10655
2.64935,1231474604,1231485,6.26175
2.58450,1231512048,1231522,6.41504
2.39986,1231549488,1231560,6.56675
2.14466,1231586928,1231597,6.70639
2.15076,1231624368,1231635,6.85001
2.10307,1231661808,1231673,6.99203
2.01839,1231699248,1231710,7.12749
1.83642,1231736688,1231748,7.26020
1.89097,1231774128,1231784,7.38778
1.95239,1231811568,1231822,7.52461
1.88411,1231849008,1231859,7.65550
1.79713,1231886448,1231897,7.78678
1.56558,1231923888,1231934,7.90609
1.56100,1231961328,1231972,8.02844
1.85473,1231998768,1232010,8.16181
1.95392,1232036208,1232047,8.29509
1.73724,1232073648,1232084,8.42077
1.65789,1232111088,1232121,8.54355
1.44083,1232148528,1232159,8.66109
0.10300,1232185968,1232196,8.69170
0.02518,1253780624,1253791,8.83056
0.04273,1253893492,1253904,0.06019
0.02022,1254328712,1254339,0.15940
0.03243,1254352624,1254363,0.17054
0.04616,1254398812,1254410,0.02602
0.14420,1254478348,1254489,0.07731
0.07591,1254546736,1254557,0.04828
0.04883,1254604012,1254615,0.03303
0.02022,1254627924,1254638,0.04146
0.31853,1254651856,1254663,0.07782
0.02441,1254742436,1254753,0.03624
0.15717,1254766352,1254777,0.06076
0.02708,1254790284,1254801,0.07094
0.13962,1254903156,1254914,0.10881
0.07515,1254927072,1254937,0.12506
0.09613,1255329008,1255340,0.32201
0.02632,1255608620,1255619,0.11665
0.20447,1255632548,1255643,0.14462
0.11521,1255667620,1255678,0.03062
0.04005,1255691552,1255702,0.04299
0.02976,1255726592,1255737,0.01556
0.02098,1256117440,1256128,0.14596
0.08659,1256141368,1256152,0.16416
0.42458,1256165316,1256176,0.20446
0.90639,1256189260,1256200,0.26334
1.16388,1256214308,1256225,0.33285
1.64836,1256251748,1256262,0.45527
2.02602,1256289188,1256300,0.59466
2.19730,1256326632,1256337,0.73600
2.35981,1256364068,1256375,0.88644
2.71458,1256401508,1256412,1.04354
2.56199,1256438948,1256450,1.20029
2.61082,1256476388,1256486,1.35020
2.72679,1256513832,1256524,1.51191
2.84123,1256551268,1256562,1.67698
2.89616,1256588708,1256599,1.83925
2.99229,1256626148,1256637,2.00865
3.12543,1256663588,1256674,2.17722
3.27268,1256701028,1256712,2.35438
3.27497,1256738472,1256749,2.52694
3.28298,1256775908,1256786,2.69971
3.54124,1256813352,1256824,2.88399
3.84642,1256850788,1256861,3.07100
3.89525,1256888228,1256899,3.26428
3.82734,1256925672,1256936,3.45082
4.15160,1256963108,1256974,3.65036
4.46288,1257000548,1257011,3.85179
4.28664,1257037988,1257049,4.05455
4.41520,1257075428,1257086,4.25491
4.69215,1257112868,1257123,4.46145
4.29465,1257150308,1257161,4.66440
4.54833,1257187752,1257198,4.86775
4.65133,1257225188,1257236,5.07896
4.84207,1257262628,1257273,5.28878
4.58724,1257300068,1257311,5.49852
4.52049,1257337512,1257348,5.70125
4.72190,1257374952,1257385,5.90845
4.64485,1257412392,1257423,6.11951
4.80087,1257449828,1257460,6.32844
4.62387,1257487268,1257498,6.53901
4.43389,1257524708,1257535,6.73980
4.42779,1257562152,1257573,6.94586
4.12032,1257599588,1257610,7.13941
3.89067,1257637028,1257648,7.33258
3.89258,1257674468,1257686,7.52579
3.69497,1257711908,1257722,7.70412
3.25360,1257749348,1257760,7.88077
3.15862,1257786788,1257797,8.05023
3.03006,1257824228,1257835,8.22070
2.66766,1257861668,1257872,8.37644
2.09430,1257899108,1257910,8.51816
0.13619,1257936548,1257947,8.55335
0.06294,1258407600,1258418,0.30453
0.06371,1259087428,1259098,0.44231
0.02098,1259411548,1259422,0.12095
0.07172,1259524408,1259535,0.07799
0.04807,1260259872,1260270,0.41527
0.03395,1260383836,1260394,0.05888
0.03243,1260407752,1260419,0.07048
0.08888,1260431680,1260442,0.08815
0.04273,1260455616,1260466,0.10094
0.02365,1260491820,1260503,0.01466
0.02098,1260518140,1260529,0.02437
0.02289,1260955804,1260966,0.17038
0.06371,1260979728,1260990,0.18599
0.31510,1261003672,1261015,0.22216
0.62295,1261027624,1261038,0.26894
0.96590,1261052660,1261064,0.33479
1.45228,1261090100,1261101,0.44970
1.71397,1261127540,1261138,0.57453
1.79828,1261164980,1261175,0.70240
2.03555,1261202420,1261213,0.84212
2.31861,1261239860,1261250,0.98731
2.46510,1261277300,1261288,1.14107
2.70924,1261314740,1261325,1.29802
3.09720,1261352180,1261363,1.47036
3.01518,1261389616,1261401,1.64041
3.18303,1261427060,1261437,1.80593
3.12390,1261464500,1261475,1.97902
3.06477,1261501940,1261512,2.14594
3.27115,1261539380,1261550,2.32306
3.42412,1261576820,1261587,2.49951
3.53971,1261614260,1261625,2.68375
3.53513,1261651700,1261663,2.86788
3.72015,1261689140,1261700,3.05179
4.02419,1261726576,1261737,3.24307
4.10735,1261764020,1261774,3.43632
3.99557,1261801460,1261812,3.63207
4.22065,1261838900,1261849,3.82796
4.58839,1261876340,1261887,4.03773
5.16518,1261913780,1261924,4.25444
5.54818,1261951220,1261962,4.48511
5.47532,1261988656,1262000,4.71426
5.15908,1262026100,1262036,4.92498
4.99962,1262063536,1262074,5.14395
4.95689,1262100980,1262111,5.35624
4.67575,1262138420,1262149,5.56800
4.70893,1262175860,1262186,5.77492
4.74022,1262213300,1262224,5.98813
4.60059,1262250740,1262262,6.19818
4.37819,1262288180,1262299,6.39769
4.10544,1262325616,1262337,6.59612
3.97459,1262363060,1262373,6.78108
3.80636,1262400500,1262411,6.97214
3.58663,1262437940,1262448,7.15272
3.42145,1262475380,1262486,7.33386
3.41459,1262512820,1262523,7.51006
3.19448,1262550260,1262561,7.68509
2.87289,1262587696,1262599,7.85107
2.61158,1262625140,1262636,8.00517
2.69284,1262662580,1262673,8.16164
2.40253,1262700020,1262710,8.30944
2.12291,1262737460,1262748,8.45212
1.83566,1262774900,1262785,8.58131
0.02022,1262812340,1262823,8.59523
0.02022,1263461256,1263472,0.23782
0.03052,1263485180,1263496,0.24862
0.04349,1263509108,1263519,0.26098
0.02708,1263555312,1263566,0.01993
0.06981,1264012852,1264023,0.31117
0.03319,1264059020,1264069,0.02160
0.04349,1264105184,1264115,0.02472
0.06828,1264151336,1264162,0.03165
0.03395,1264197504,1264208,0.02184
0.02976,1264277020,1264287,0.03512
0.05074,1264300944,1264312,0.04963
0.06561,1264347112,1264358,0.03037
0.18235,1264415508,1264427,0.07593
0.09422,1264472772,1264483,0.04430
0.18082,1264518916,1264530,0.05151
0.10300,1264542844,1264553,0.07053
0.04883,1264566772,1264577,0.08419
0.04807,1264690784,1264701,0.07006
0.04807,1264781388,1264792,0.05141
0.02976,1264883128,1264893,0.04490
0.10491,1264907048,1264918,0.06577
0.11177,1264942100,1264953,0.03016
0.13008,1265032716,1265043,0.08365
0.02098,1265145584,1265156,0.04218
0.02022,1265247340,1265258,0.03738
0.06447,1265271248,1265282,0.05308
0.19036,1265461928,1265472,0.21363
0.10376,1265496976,1265508,0.02988
0.04997,1265520916,1265531,0.04314
0.02708,1265555976,1265566,0.01484
0.02174,1265868956,1265880,0.11932
0.08392,1265892876,1265903,0.13650
0.48219,1265916824,1265928,0.18123
0.92470,1265940776,1265951,0.23823
1.29206,1265965816,1265976,0.31147
1.75479,1266003256,1266014,0.44119
2.08209,1266040696,1266052,0.58250
2.35103,1266078136,1266088,0.72475
2.47845,1266115576,1266126,0.87892
3.08309,1266153016,1266163,1.04635
3.09720,1266190456,1266201,1.21869
3.22728,1266227896,1266238,1.38999
3.70108,1266265336,1266276,1.57839
3.44244,1266302776,1266314,1.76008
3.36309,1266340220,1266351,1.93495
3.72091,1266377660,1266388,2.11888
3.73999,1266415096,1266425,2.30328
3.82925,1266452540,1266463,2.49491
3.78538,1266489976,1266500,2.68043
4.12375,1266527420,1266538,2.87930
4.31830,1266564860,1266576,3.08280
4.11879,1266602300,1266613,3.27632
3.90211,1266639740,1266651,3.46976
4.24392,1266677180,1266688,3.66620
4.32860,1266714616,1266725,3.86458
4.15846,1266752056,1266762,4.05903
4.32250,1266789496,1266800,4.26263
4.53193,1266826940,1266837,4.46562
4.35683,1266864376,1266875,4.67002
4.44648,1266901816,1266913,4.87652
4.38163,1266939260,1266950,5.07612
4.09514,1266976696,1266988,5.27429
3.94865,1267014140,1267024,5.45865
3.91966,1267051580,1267062,5.65253
3.68048,1267089016,1267099,5.83546
3.73732,1267126456,1267137,6.02478
3.60723,1267163896,1267175,6.21077
3.45998,1267201336,1267212,6.38814
3.12810,1267238776,1267250,6.56134
2.86412,1267276220,1267287,6.72271
2.69627,1267313660,1267324,6.87928
2.61006,1267351096,1267361,7.03333
2.39109,1267388540,1267399,7.18476
2.35103,1267425976,1267436,7.33097
2.15076,1267463416,1267474,7.47458
2.11337,1267500856,1267512,7.61695
1.87533,1267538300,1267549,7.74753
1.59075,1267575736,1267587,7.87104
1.28443,1267613176,1267623,7.97618
1.13642,1267650616,1267661,8.08058
1.04906,1267688060,1267698,8.17824
0.78470,1267725496,1267736,8.26499
0.52071,1267762936,1267774,8.33566
0.40208,1267800376,1267811,8.39612
0.56268,1267837816,1267849,8.46958
0.74464,1267875256,1267886,8.55186
0.05608,1267912696,1267923,8.57444
0.02518,1253780624,1253791,8.83056
0.04273,1253893492,1253904,0.06019
0.02022,1254328712,1254339,0.15940
0.03243,1254352624,1254363,0.17054
0.04616,1254398812,1254410,0.02602
0.14420,1254478348,1254489,0.07731
0.07591,1254546736,1254557,0.04828
0.04883,1254604012,1254615,0.03303
0.02022,1254627924,1254638,0.04146
0.31853,1254651856,1254663,0.07782
0.02441,1254742436,1254753,0.03624
0.15717,1254766352,1254777,0.06076
0.02708,1254790284,1254801,0.07094
0.13962,1254903156,1254914,0.10881
0.07515,1254927072,1254937,0.12506
0.09613,1255329008,1255340,0.32201
0.02632,1255608620,1255619,0.11665
0.20447,1255632548,1255643,0.14462
0.11521,1255667620,1255678,0.03062
0.04005,1255691552,1255702,0.04299
0.02976,1255726592,1255737,0.01556
0.02098,1256117440,1256128,0.14596
0.08659,1256141368,1256152,0.16416
0.42458,1256165316,1256176,0.20446
0.90639,1256189260,1256200,0.26334
1.16388,1256214308,1256225,0.33285
1.64836,1256251748,1256262,0.45527
2.02602,1256289188,1256300,0.59466
2.19730,1256326632,1256337,0.73600
2.35981,1256364068,1256375,0.88644
2.71458,1256401508,1256412,1.04354
2.56199,1256438948,1256450,1.20029
2.61082,1256476388,1256486,1.35020
2.72679,1256513832,1256524,1.51191
2.84123,1256551268,1256562,1.67698
2.89616,1256588708,1256599,1.83925
2.99229,1256626148,1256637,2.00865
3.12543,1256663588,1256674,2.17722
3.27268,1256701028,1256712,2.35438
3.27497,1256738472,1256749,2.52694
3.28298,1256775908,1256786,2.69971
3.54124,1256813352,1256824,2.88399
3.84642,1256850788,1256861,3.07100
3.89525,1256888228,1256899,3.26428
3.82734,1256925672,1256936,3.45082
4.15160,1256963108,1256974,3.65036
4.46288,1257000548,1257011,3.85179
4.28664,1257037988,1257049,4.05455
4.41520,1257075428,1257086,4.25491
4.69215,1257112868,1257123,4.46145
4.29465,1257150308,1257161,4.66440
4.54833,1257187752,1257198,4.86775
4.65133,1257225188,1257236,5.07896
4.84207,1257262628,1257273,5.28878
4.58724,1257300068,1257311,5.49852
4.52049,1257337512,1257348,5.70125
4.72190,1257374952,1257385,5.90845
4.64485,1257412392,1257423,6.11951
4.80087,1257449828,1257460,6.32844
4.62387,1257487268,1257498,6.53901
4.43389,1257524708,1257535,6.73980
4.42779,1257562152,1257573,6.94586
4.12032,1257599588,1257610,7.13941
3.89067,1257637028,1257648,7.33258
3.89258,1257674468,1257686,7.52579
3.69497,1257711908,1257722,7.70412
3.25360,1257749348,1257760,7.88077
3.15862,1257786788,1257797,8.05023
3.03006,1257824228,1257835,8.22070
2.66766,1257861668,1257872,8.37644
2.09430,1257899108,1257910,8.51816
0.13619,1257936548,1257947,8.55335
0.06294,1258407600,1258418,0.30453
0.06371,1259087428,1259098,0.44231
0.02098,1259411548,1259422,0.12095
0.07172,1259524408,1259535,0.07799
0.04807,1260259872,1260270,0.41527
0.03395,1260383836,1260394,0.05888
0.03243,1260407752,1260419,0.07048
0.08888,1260431680,1260442,0.08815
0.04273,1260455616,1260466,0.10094
0.02365,1260491820,1260503,0.01466
0.02098,1260518140,1260529,0.02437
0.02289,1260955804,1260966,0.17038
0.06371,1260979728,1260990,0.18599
0.31510,1261003672,1261015,0.22216
0.62295,1261027624,1261038,0.26894
0.96590,1261052660,1261064,0.33479
1.45228,1261090100,1261101,0.44970
1.71397,1261127540,1261138,0.57453
1.79828,1261164980,1261175,0.70240
2.03555,1261202420,1261213,0.84212
2.31861,1261239860,1261250,0.98731
2.46510,1261277300,1261288,1.14107
2.70924,1261314740,1261325,1.29802
3.09720,1261352180,1261363,1.47036
3.01518,1261389616,1261401,1.64041
3.18303,1261427060,1261437,1.80593
3.12390,1261464500,1261475,1.97902
3.06477,1261501940,1261512,2.14594
3.27115,1261539380,1261550,2.32306
3.42412,1261576820,1261587,2.49951
3.53971,1261614260,1261625,2.68375
3.53513,1261651700,1261663,2.86788
3.72015,1261689140,1261700,3.05179
4.02419,1261726576,1261737,3.24307
4.10735,1261764020,1261774,3.43632
3.99557,1261801460,1261812,3.63207
4.22065,1261838900,1261849,3.82796
4.58839,1261876340,1261887,4.03773
5.16518,1261913780,1261924,4.25444
5.54818,1261951220,1261962,4.48511
5.47532,1261988656,1262000,4.71426
5.15908,1262026100,1262036,4.92498
4.99962,1262063536,1262074,5.14395
4.95689,1262100980,1262111,5.35624
4.67575,1262138420,1262149,5.56800
4.70893,1262175860,1262186,5.77492
4.74022,1262213300,1262224,5.98813
4.60059,1262250740,1262262,6.19818
4.37819,1262288180,1262299,6.39769
4.10544,1262325616,1262337,6.59612
3.97459,1262363060,1262373,6.78108
3.80636,1262400500,1262411,6.97214
3.58663,1262437940,1262448,7.15272
3.42145,1262475380,1262486,7.33386
3.41459,1262512820,1262523,7.51006
3.19448,1262550260,1262561,7.68509
2.87289,1262587696,1262599,7.85107
2.61158,1262625140,1262636,8.00517
2.69284,1262662580,1262673,8.16164
2.40253,1262700020,1262710,8.30944
2.12291,1262737460,1262748,8.45212
1.83566,1262774900,1262785,8.58131
0.02022,1262812340,1262823,8.59523
0.02022,1263461256,1263472,0.23782
0.03052,1263485180,1263496,0.24862
0.04349,1263509108,1263519,0.26098
0.02708,1263555312,1263566,0.01993
0.06981,1264012852,1264023,0.31117
0.03319,1264059020,1264069,0.02160
0.04349,1264105184,1264115,0.02472
0.06828,1264151336,1264162,0.03165
0.03395,1264197504,1264208,0.02184
0.02976,1264277020,1264287,0.03512
0.05074,1264300944,1264312,0.04963
0.06561,1264347112,1264358,0.03037
0.18235,1264415508,1264427,0.07593
0.09422,1264472772,1264483,0.04430
0.18082,1264518916,1264530,0.05151
0.10300,1264542844,1264553,0.07053
0.04883,1264566772,1264577,0.08419
0.04807,1264690784,1264701,0.07006
0.04807,1264781388,1264792,0.05141
0.02976,1264883128,1264893,0.04490
0.10491,1264907048,1264918,0.06577
0.11177,1264942100,1264953,0.03016
0.13008,1265032716,1265043,0.08365
0.02098,1265145584,1265156,0.04218
0.02022,1265247340,1265258,0.03738
0.06447,1265271248,1265282,0.05308
0.19036,1265461928,1265472,0.21363
0.10376,1265496976,1265508,0.02988
0.04997,1265520916,1265531,0.04314
0.02708,1265555976,1265566,0.01484
0.02174,1265868956,1265880,0.11932
0.08392,1265892876,1265903,0.13650
0.48219,1265916824,1265928,0.18123
0.92470,1265940776,1265951,0.23823
1.29206,1265965816,1265976,0.31147
1.75479,1266003256,1266014,0.44119
2.08209,1266040696,1266052,0.58250
2.35103,1266078136,1266088,0.72475
2.47845,1266115576,1266126,0.87892
3.08309,1266153016,1266163,1.04635
3.09720,1266190456,1266201,1.21869
3.22728,1266227896,1266238,1.38999
3.70108,1266265336,1266276,1.57839
3.44244,1266302776,1266314,1.76008
3.36309,1266340220,1266351,1.93495
3.72091,1266377660,1266388,2.11888
3.73999,1266415096,1266425,2.30328
3.82925,1266452540,1266463,2.49491
3.78538,1266489976,1266500,2.68043
4.12375,1266527420,1266538,2.87930
4.31830,1266564860,1266576,3.08280
4.11879,1266602300,1266613,3.27632
3.90211,1266639740,1266651,3.46976
4.24392,1266677180,1266688,3.66620
4.32860,1266714616,1266725,3.86458
4.15846,1266752056,1266762,4.05903
4.32250,1266789496,1266800,4.26263
4.53193,1266826940,1266837,4.46562
4.35683,1266864376,1266875,4.67002
4.44648,1266901816,1266913,4.87652
4.38163,1266939260,1266950,5.07612
4.09514,1266976696,1266988,5.27429
3.94865,1267014140,1267024,5.45865
3.91966,1267051580,1267062,5.65253
3.68048,1267089016,1267099,5.83546
3.73732,1267126456,1267137,6.02478
3.60723,1267163896,1267175,6.21077
3.45998,1267201336,1267212,6.38814
3.12810,1267238776,1267250,6.56134
2.86412,1267276220,1267287,6.72271
2.69627,1267313660,1267324,6.87928
2.61006,1267351096,1267361,7.03333
2.39109,1267388540,1267399,7.18476
2.35103,1267425976,1267436,7.33097
2.15076,1267463416,1267474,7.47458
2.11337,1267500856,1267512,7.61695
1.87533,1267538300,1267549,7.74753
1.59075,1267575736,1267587,7.87104
1.28443,1267613176,1267623,7.97618
1.13642,1267650616,1267661,8.08058
1.04906,1267688060,1267698,8.17824
0.78470,1267725496,1267736,8.26499
0.52071,1267762936,1267774,8.33566
0.40208,1267800376,1267811,8.39612
0.56268,1267837816,1267849,8.46958
0.74464,1267875256,1267886,8.55186
0.05608,1267912696,1267923,8.57444
0.02518,1253780624,1253791,8.83056
0.04273,1253893492,1253904,0.06019
0.02022,1254328712,1254339,0.15940
0.03243,1254352624,1254363,0.17054
0.04616,1254398812,1254410,0.02602
0.14420,1254478348,1254489,0.07731
0.07591,1254546736,1254557,0.04828
0.04883,1254604012,1254615,0.03303
0.02022,1254627924,1254638,0.04146
0.31853,1254651856,1254663,0.07782
0.02441,1254742436,1254753,0.03624
0.15717,1254766352,1254777,0.06076
0.02708,1254790284,1254801,0.07094
0.13962,1254903156,1254914,0.10881
0.07515,1254927072,1254937,0.12506
0.09613,1255329008,1255340,0.32201
0.02632,1255608620,1255619,0.11665
0.20447,1255632548,1255643,0.14462
0.11521,1255667620,1255678,0.03062
0.04005,1255691552,1255702,0.04299
0.02976,1255726592,1255737,0.01556
0.02098,1256117440,1256128,0.14596
0.08659,1256141368,1256152,0.16416
0.42458,1256165316,1256176,0.20446
0.90639,1256189260,1256200,0.26334
1.16388,1256214308,1256225,0.33285
1.64836,1256251748,1256262,0.45527
2.02602,1256289188,1256300,0.59466
2.19730,1256326632,1256337,0.73600
2.35981,1256364068,1256375,0.88644
2.71458,1256401508,1256412,1.04354
2.56199,1256438948,1256450,1.20029
2.61082,1256476388,1256486,1.35020
2.72679,1256513832,1256524,1.51191
2.84123,1256551268,1256562,1.67698
2.89616,1256588708,1256599,1.83925
2.99229,1256626148,1256637,2.00865
3.12543,1256663588,1256674,2.17722
3.27268,1256701028,1256712,2.35438
3.27497,1256738472,1256749,2.52694
3.28298,1256775908,1256786,2.69971
3.54124,1256813352,1256824,2.88399
3.84642,1256850788,1256861,3.07100
3.89525,1256888228,1256899,3.26428
3.82734,1256925672,1256936,3.45082
4.15160,1256963108,1256974,3.65036
4.46288,1257000548,1257011,3.85179
4.28664,1257037988,1257049,4.05455
4.41520,1257075428,1257086,4.25491
4.69215,1257112868,1257123,4.46145
4.29465,1257150308,1257161,4.66440
4.54833,1257187752,1257198,4.86775
4.65133,1257225188,1257236,5.07896
4.84207,1257262628,1257273,5.28878
4.58724,1257300068,1257311,5.49852
4.52049,1257337512,1257348,5.70125
4.72190,1257374952,1257385,5.90845
4.64485,1257412392,1257423,6.11951
4.80087,1257449828,1257460,6.32844
4.62387,1257487268,1257498,6.53901
4.43389,1257524708,1257535,6.73980
4.42779,1257562152,1257573,6.94586
4.12032,1257599588,1257610,7.13941
3.89067,1257637028,1257648,7.33258
3.89258,1257674468,1257686,7.52579
3.69497,1257711908,1257722,7.70412
3.25360,1257749348,1257760,7.88077
3.15862,1257786788,1257797,8.05023
3.03006,1257824228,1257835,8.22070
2.66766,1257861668,1257872,8.37644
2.09430,1257899108,1257910,8.51816
0.13619,1257936548,1257947,8.55335
0.06294,1258407600,1258418,0.30453
0.06371,1259087428,1259098,0.44231
0.02098,1259411548,1259422,0.12095
0.07172,1259524408,1259535,0.07799
0.04807,1260259872,1260270,0.41527
0.03395,1260383836,1260394,0.05888
0.03243,1260407752,1260419,0.07048
0.08888,1260431680,1260442,0.08815
0.04273,1260455616,1260466,0.10094
0.02365,1260491820,1260503,0.01466
0.02098,1260518140,1260529,0.02437
0.02289,1260955804,1260966,0.17038
0.06371,1260979728,1260990,0.18599
0.31510,1261003672,1261015,0.22216
0.62295,1261027624,1261038,0.26894
0.96590,1261052660,1261064,0.33479
1.45228,1261090100,1261101,0.44970
1.71397,1261127540,1261138,0.57453
1.79828,1261164980,1261175,0.70240
2.03555,1261202420,1261213,0.84212
2.31861,1261239860,1261250,0.98731
2.46510,1261277300,1261288,1.14107
2.70924,1261314740,1261325,1.29802
3.09720,1261352180,1261363,1.47036
3.01518,1261389616,1261401,1.64041
3.18303,1261427060,1261437,1.80593
3.12390,1261464500,1261475,1.97902
3.06477,1261501940,1261512,2.14594
3.27115,1261539380,1261550,2.32306
3.42412,1261576820,1261587,2.49951
3.53971,1261614260,1261625,2.68375
3.53513,1261651700,1261663,2.86788
3.72015,1261689140,1261700,3.05179
4.02419,1261726576,1261737,3.24307
4.10735,1261764020,1261774,3.43632
3.99557,1261801460,1261812,3.63207
4.22065,1261838900,1261849,3.82796
4.58839,1261876340,1261887,4.03773
5.16518,1261913780,1261924,4.25444
5.54818,1261951220,1261962,4.48511
5.47532,1261988656,1262000,4.71426
5.15908,1262026100,1262036,4.92498
4.99962,1262063536,1262074,5.14395
4.95689,1262100980,1262111,5.35624
4.67575,1262138420,1262149,5.56800
4.70893,1262175860,1262186,5.77492
4.74022,1262213300,1262224,5.98813
4.60059,1262250740,1262262,6.19818
4.37819,1262288180,1262299,6.39769
4.10544,1262325616,1262337,6.59612
3.97459,1262363060,1262373,6.78108
3.80636,1262400500,1262411,6.97214
3.58663,1262437940,1262448,7.15272
3.42145,1262475380,1262486,7.33386
3.41459,1262512820,1262523,7.51006
3.19448,1262550260,1262561,7.68509
2.87289,1262587696,1262599,7.85107
2.61158,1262625140,1262636,8.00517
2.69284,1262662580,1262673,8.16164
2.40253,1262700020,1262710,8.30944
2.12291,1262737460,1262748,8.45212
1.83566,1262774900,1262785,8.58131
0.02022,1262812340,1262823,8.59523
0.02022,1263461256,1263472,0.23782
0.03052,1263485180,1263496,0.24862
0.04349,1263509108,1263519,0.26098
0.02708,1263555312,1263566,0.01993
0.06981,1264012852,1264023,0.31117
0.03319,1264059020,1264069,0.02160
0.04349,1264105184,1264115,0.02472
0.06828,1264151336,1264162,0.03165
0.03395,1264197504,1264208,0.02184
0.02976,1264277020,1264287,0.03512
0.05074,1264300944,1264312,0.04963
0.06561,1264347112,1264358,0.03037
0.18235,1264415508,1264427,0.07593
0.09422,1264472772,1264483,0.04430
0.18082,1264518916,1264530,0.05151
0.10300,1264542844,1264553,0.07053
0.04883,1264566772,1264577,0.08419
0.04807,1264690784,1264701,0.07006
0.04807,1264781388,1264792,0.05141
0.02976,1264883128,1264893,0.04490
0.10491,1264907048,1264918,0.06577
0.11177,1264942100,1264953,0.03016
0.13008,1265032716,1265043,0.08365
0.02098,1265145584,1265156,0.04218
0.02022,1265247340,1265258,0.03738
0.06447,1265271248,1265282,0.05308
0.19036,1265461928,1265472,0.21363
0.10376,1265496976,1265508,0.02988
0.04997,1265520916,1265531,0.04314
0.02708,1265555976,1265566,0.01484
0.02174,1265868956,1265880,0.11932
0.08392,1265892876,1265903,0.13650
0.48219,1265916824,1265928,0.18123
0.92470,1265940776,1265951,0.23823
1.29206,1265965816,1265976,0.31147
1.75479,1266003256,1266014,0.44119
2.08209,1266040696,1266052,0.58250
2.35103,1266078136,1266088,0.72475
2.47845,1266115576,1266126,0.87892
3.08309,1266153016,1266163,1.04635
3.09720,1266190456,1266201,1.21869
3.22728,1266227896,1266238,1.38999
3.70108,1266265336,1266276,1.57839
3.44244,1266302776,1266314,1.76008
3.36309,1266340220,1266351,1.93495
3.72091,1266377660,1266388,2.11888
3.73999,1266415096,1266425,2.30328
3.82925,1266452540,1266463,2.49491
3.78538,1266489976,1266500,2.68043
4.12375,1266527420,1266538,2.87930
4.31830,1266564860,1266576,3.08280
4.11879,1266602300,1266613,3.27632
3.90211,1266639740,1266651,3.46976
4.24392,1266677180,1266688,3.66620
4.32860,1266714616,1266725,3.86458
4.15846,1266752056,1266762,4.05903
4.32250,1266789496,1266800,4.26263
4.53193,1266826940,1266837,4.46562
4.35683,1266864376,1266875,4.67002
4.44648,1266901816,1266913,4.87652
4.38163,1266939260,1266950,5.07612
4.09514,1266976696,1266988,5.27429
3.94865,1267014140,1267024,5.45865
3.91966,1267051580,1267062,5.65253
3.68048,1267089016,1267099,5.83546
3.73732,1267126456,1267137,6.02478
3.60723,1267163896,1267175,6.21077
3.45998,1267201336,1267212,6.38814
3.12810,1267238776,1267250,6.56134
2.86412,1267276220,1267287,6.72271
2.69627,1267313660,1267324,6.87928
2.61006,1267351096,1267361,7.03333
2.39109,1267388540,1267399,7.18476
2.35103,1267425976,1267436,7.33097
2.15076,1267463416,1267474,7.47458
2.11337,1267500856,1267512,7.61695
1.87533,1267538300,1267549,7.74753
1.59075,1267575736,1267587,7.87104
1.28443,1267613176,1267623,7.97618
1.13642,1267650616,1267661,8.08058
1.04906,1267688060,1267698,8.17824
0.78470,1267725496,1267736,8.26499
0.52071,1267762936,1267774,8.33566
0.40208,1267800376,1267811,8.39612
0.56268,1267837816,1267849,8.46958
0.74464,1267875256,1267886,8.55186
0.05608,1267912696,1267923,8.57444
0.02518,1253780624,1253791,8.83056
0.04273,1253893492,1253904,0.06019
0.02022,1254328712,1254339,0.15940
0.03243,1254352624,1254363,0.17054
0.04616,1254398812,1254410,0.02602
0.14420,1254478348,1254489,0.07731
0.07591,1254546736,1254557,0.04828
0.04883,1254604012,1254615,0.03303
0.02022,1254627924,1254638,0.04146
0.31853,1254651856,1254663,0.07782
0.02441,1254742436,1254753,0.03624
0.15717,1254766352,1254777,0.06076
0.02708,1254790284,1254801,0.07094
0.13962,1254903156,1254914,0.10881
0.07515,1254927072,1254937,0.12506
0.09613,1255329008,1255340,0.32201
0.02632,1255608620,1255619,0.11665
0.20447,1255632548,1255643,0.14462
0.11521,1255667620,1255678,0.03062
0.04005,1255691552,1255702,0.04299
0.02976,1255726592,1255737,0.01556
0.02098,1256117440,1256128,0.14596
0.08659,1256141368,1256152,0.16416
0.42458,1256165316,1256176,0.20446
0.90639,1256189260,1256200,0.26334
1.16388,1256214308,1256225,0.33285
1.64836,1256251748,1256262,0.45527
2.02602,1256289188,1256300,0.59466
2.19730,1256326632,1256337,0.73600
2.35981,1256364068,1256375,0.88644
2.71458,1256401508,1256412,1.04354
2.56199,1256438948,1256450,1.20029
2.61082,1256476388,1256486,1.35020
2.72679,1256513832,1256524,1.51191
2.84123,1256551268,1256562,1.67698
2.89616,1256588708,1256599,1.83925
2.99229,1256626148,1256637,2.00865
3.12543,1256663588,1256674,2.17722
3.27268,1256701028,1256712,2.35438
3.27497,1256738472,1256749,2.52694
3.28298,1256775908,1256786,2.69971
3.54124,1256813352,1256824,2.88399
3.84642,1256850788,1256861,3.07100
3.89525,1256888228,1256899,3.26428
3.82734,1256925672,1256936,3.45082
4.15160,1256963108,1256974,3.65036
4.46288,1257000548,1257011,3.85179
4.28664,1257037988,1257049,4.05455
4.41520,1257075428,1257086,4.25491
4.69215,1257112868,1257123,4.46145
4.29465,1257150308,1257161,4.66440
4.54833,1257187752,1257198,4.86775
4.65133,1257225188,1257236,5.07896
4.84207,1257262628,1257273,5.28878
4.58724,1257300068,1257311,5.49852
4.52049,1257337512,1257348,5.70125
4.72190,1257374952,1257385,5.90845
4.64485,1257412392,1257423,6.11951
4.80087,1257449828,1257460,6.32844
4.62387,1257487268,1257498,6.53901
4.43389,1257524708,1257535,6.73980
4.42779,1257562152,1257573,6.94586
4.12032,1257599588,1257610,7.13941
3.89067,1257637028,1257648,7.33258
3.89258,1257674468,1257686,7.52579
3.69497,1257711908,1257722,7.70412
3.25360,1257749348,1257760,7.88077
3.15862,1257786788,1257797,8.05023
3.03006,1257824228,1257835,8.22070
2.66766,1257861668,1257872,8.37644
2.09430,1257899108,1257910,8.51816
0.13619,1257936548,1257947,8.55335
0.06294,1258407600,1258418,0.30453
0.06371,1259087428,1259098,0.44231
0.02098,1259411548,1259422,0.12095
0.07172,1259524408,1259535,0.07799
0.04807,1260259872,1260270,0.41527
0.03395,1260383836,1260394,0.05888
0.03243,1260407752,1260419,0.07048
0.08888,1260431680,1260442,0.08815
0.04273,1260455616,1260466,0.10094
0.02365,1260491820,1260503,0.01466
0.02098,1260518140,1260529,0.02437
0.02289,1260955804,1260966,0.17038
0.06371,1260979728,1260990,0.18599
0.31510,1261003672,1261015,0.22216
0.62295,1261027624,1261038,0.26894
0.96590,1261052660,1261064,0.33479
1.45228,1261090100,1261101,0.44970
1.71397,1261127540,1261138,0.57453
1.79828,1261164980,1261175,0.70240
2.03555,1261202420,1261213,0.84212
2.31861,1261239860,1261250,0.98731
2.46510,1261277300,1261288,1.14107
2.70924,1261314740,1261325,1.29802
3.09720,1261352180,1261363,1.47036
3.01518,1261389616,1261401,1.64041
3.18303,1261427060,1261437,1.80593
3.12390,1261464500,1261475,1.97902
3.06477,1261501940,1261512,2.14594
3.27115,1261539380,1261550,2.32306
3.42412,1261576820,1261587,2.49951
3.53971,1261614260,1261625,2.68375
3.53513,1261651700,1261663,2.86788
3.72015,1261689140,1261700,3.05179
4.02419,1261726576,1261737,3.24307
4.10735,1261764020,1261774,3.43632
3.99557,1261801460,1261812,3.63207
4.22065,1261838900,1261849,3.82796
4.58839,1261876340,1261887,4.03773
5.16518,1261913780,1261924,4.25444
5.54818,1261951220,1261962,4.48511
5.47532,1261988656,1262000,4.71426
5.15908,1262026100,1262036,4.92498
4.99962,1262063536,1262074,5.14395
4.95689,1262100980,1262111,5.35624
4.67575,1262138420,1262149,5.56800
4.70893,1262175860,1262186,5.77492
4.74022,1262213300,1262224,5.98813
4.60059,1262250740,1262262,6.19818
4.37819,1262288180,1262299,6.39769
4.10544,1262325616,1262337,6.59612
3.97459,1262363060,1262373,6.78108
3.80636,1262400500,1262411,6.97214
3.58663,1262437940,1262448,7.15272
3.42145,1262475380,1262486,7.33386
3.41459,1262512820,1262523,7.51006
3.19448,1262550260,1262561,7.68509
2.87289,1262587696,1262599,7.85107
2.61158,1262625140,1262636,8.00517
2.69284,1262662580,1262673,8.16164
2.40253,1262700020,1262710,8.30944
2.12291,1262737460,1262748,8.45212
1.83566,1262774900,1262785,8.58131
0.02022,1262812340,1262823,8.59523
0.02022,1263461256,1263472,0.23782
0.03052,1263485180,1263496,0.24862
0.04349,1263509108,1263519,0.26098
0.02708,1263555312,1263566,0.01993
0.06981,1264012852,1264023,0.31117
0.03319,1264059020,1264069,0.02160
0.04349,1264105184,1264115,0.02472
0.06828,1264151336,1264162,0.03165
0.03395,1264197504,1264208,0.02184
0.02976,1264277020,1264287,0.03512
0.05074,1264300944,1264312,0.04963
0.06561,1264347112,1264358,0.03037
0.18235,1264415508,1264427,0.07593
0.09422,1264472772,1264483,0.04430
0.18082,1264518916,1264530,0.05151
0.10300,1264542844,1264553,0.07053
0.04883,1264566772,1264577,0.08419
0.04807,1264690784,1264701,0.07006
0.04807,1264781388,1264792,0.05141
0.02976,1264883128,1264893,0.04490
0.10491,1264907048,1264918,0.06577
0.11177,1264942100,1264953,0.03016
0.13008,1265032716,1265043,0.08365
0.02098,1265145584,1265156,0.04218
0.02022,1265247340,1265258,0.03738
0.06447,1265271248,1265282,0.05308
0.19036,1265461928,1265472,0.21363
0.10376,1265496976,1265508,0.02988
0.04997,1265520916,1265531,0.04314
0.02708,1265555976,1265566,0.01484
0.02174,1265868956,1265880,0.11932
0.08392,1265892876,1265903,0.13650
0.48219,1265916824,1265928,0.18123
0.92470,1265940776,1265951,0.23823
1.29206,1265965816,1265976,0.31147
1.75479,1266003256,1266014,0.44119
2.08209,1266040696,1266052,0.58250
2.35103,1266078136,1266088,0.72475
2.47845,1266115576,1266126,0.87892
3.08309,1266153016,1266163,1.04635
3.09720,1266190456,1266201,1.21869
3.22728,1266227896,1266238,1.38999
3.70108,1266265336,1266276,1.57839
3.44244,1266302776,1266314,1.76008
3.36309,1266340220,1266351,1.93495
3.72091,1266377660,1266388,2.11888
3.73999,1266415096,1266425,2.30328
3.82925,1266452540,1266463,2.49491
3.78538,1266489976,1266500,2.68043
4.12375,1266527420,1266538,2.87930
4.31830,1266564860,1266576,3.08280
4.11879,1266602300,1266613,3.27632
3.90211,1266639740,1266651,3.46976
4.24392,1266677180,1266688,3.66620
4.32860,1266714616,1266725,3.86458
4.15846,1266752056,1266762,4.05903
4.32250,1266789496,1266800,4.26263
4.53193,1266826940,1266837,4.46562
4.35683,1266864376,1266875,4.67002
4.44648,1266901816,1266913,4.87652
4.38163,1266939260,1266950,5.07612
4.09514,1266976696,1266988,5.27429
3.94865,1267014140,1267024,5.45865
3.91966,1267051580,1267062,5.65253
3.68048,1267089016,1267099,5.83546
3.73732,1267126456,1267137,6.02478
3.60723,1267163896,1267175,6.21077
3.45998,1267201336,1267212,6.38814
3.12810,1267238776,1267250,6.56134
2.86412,1267276220,1267287,6.72271
2.69627,1267313660,1267324,6.87928
2.61006,1267351096,1267361,7.03333
2.39109,1267388540,1267399,7.18476
2.35103,1267425976,1267436,7.33097
2.15076,1267463416,1267474,7.47458
2.11337,1267500856,1267512,7.61695
1.87533,1267538300,1267549,7.74753
1.59075,1267575736,1267587,7.87104
1.28443,1267613176,1267623,7.97618
1.13642,1267650616,1267661,8.08058
1.04906,1267688060,1267698,8.17824
0.78470,1267725496,1267736,8.26499
0.52071,1267762936,1267774,8.33566
0.40208,1267800376,1267811,8.39612
0.56268,1267837816,1267849,8.46958
0.74464,1267875256,1267886,8.55186
0.05608,1267912696,1267923,8.57444
0.10758,1370473780,1370484,7.83945
0.02899,1370511220,1370522,7.85613
0.06561,1370960024,1370971,0.29640
0.02785,1371006180,1371017,0.01978
0.10834,1371063440,1371074,0.04835
0.13962,1371087352,1371098,0.07146
0.02899,1371111300,1371122,0.08199
0.27161,1371157488,1371168,0.06178
0.11978,1371248132,1371258,0.08027
0.13619,1371283176,1371293,0.03329
0.23651,1371307120,1371318,0.06462
0.05684,1371331048,1371341,0.07875
0.18349,1371354984,1371366,0.10635
0.08049,1371382456,1371393,0.12609
0.09613,1371431016,1371442,0.03915
0.04540,1371468448,1371479,0.02032
0.16518,1371539244,1371550,0.07436
0.09957,1371685460,1371696,0.11872
0.05341,1371764976,1371776,0.04764
0.02174,1371788884,1371799,0.05639
0.08888,1371812816,1371824,0.07559
0.18578,1371836756,1371847,0.10114
0.09422,1372006344,1372017,0.13448
0.03586,1372096964,1372107,0.04392
0.14038,1372176476,1372187,0.07725
0.06447,1372211504,1372222,0.02290
0.05150,1372246540,1372257,0.02047
0.02518,1372748536,1372760,0.20569
0.05417,1372772464,1372783,0.21948
0.37575,1372796400,1372807,0.25739
0.69238,1372820340,1372831,0.30886
1.19860,1372845404,1372856,0.37939
2.18853,1372882848,1372894,0.52427
3.30625,1372920284,1372931,0.69765
4.16724,1372957724,1372968,0.89230
5.49249,1372995164,1373005,1.11577
5.62486,1373032604,1373043,1.34802
5.62486,1373070044,1373080,1.57417
5.62486,1373107484,1373118,1.80643
5.62486,1373144928,1373156,2.03868
5.62486,1373182364,1373193,2.26483
5.62486,1373219808,1373231,2.49708
5.62486,1373257244,1373267,2.71712
5.62486,1373294684,1373305,2.94937
5.62486,1373332124,1373342,3.17552
5.62486,1373369564,1373380,3.40778
5.62486,1373407012,1373418,3.64003
5.62486,1373444444,1373455,3.86618
5.62486,1373481888,1373493,4.09844
5.62486,1373519324,1373530,4.32458
5.62486,1373556764,1373568,4.55684
5.62486,1373594204,1373604,4.77687
5.62486,1373631644,1373642,5.00913
5.62486,1373669084,1373679,5.23527
5.62486,1373706524,1373717,5.46753
5.62486,1373743968,1373755,5.69979
5.62486,1373781404,1373792,5.92593
5.62486,1373818848,1373830,6.15819
5.62486,1373856284,1373867,6.38433
0.11101,1373893724,1373904,6.41610
0.02174,1373942284,1373953,0.01862
0.07668,1374502264,1374513,0.39962
0.13352,1374637368,1374648,0.12712
0.10033,1374694640,1374705,0.04653
0.02632,1374729664,1374740,0.01463
0.33188,1374775824,1374786,0.06829
0.25483,1374799760,1374811,0.10082
0.14420,1374834804,1374845,0.03327
0.13695,1374858728,1374869,0.05616
0.18425,1374882660,1374894,0.08382
0.16747,1374943512,1374954,0.06328
0.03510,1374967456,1374978,0.07486
0.07057,1375058144,1375069,0.06230
0.08278,1375182092,1375193,0.09194
0.16670,1375239356,1375250,0.05998
0.02518,1375296608,1375307,0.02331
0.13085,1375331640,1375342,0.03263
0.03319,1375444504,1375455,0.05305
0.02708,1375479536,1375490,0.01484
0.09155,1375514588,1375525,0.02729
0.18235,1375571844,1375583,0.06383
0.09079,1375595764,1375606,0.08169
0.19036,1375864264,1375875,0.30246
0.02441,1375888184,1375899,0.31212
0.05417,1375923248,1375934,0.02099
0.02174,1375958280,1375969,0.01330
0.03395,1376182368,1376193,0.10637
0.14649,1376206280,1376217,0.13004
0.71679,1376230208,1376241,0.18240
1.89097,1376254156,1376265,0.26746
3.59197,1376279224,1376289,0.38468
5.62486,1376316664,1376327,0.61693
5.62486,1376354108,1376365,0.84919
5.62486,1376391544,1376402,1.07534
5.62486,1376428988,1376440,1.30759
5.62486,1376466424,1376477,1.53374
5.62486,1376503864,1376515,1.76600
5.62486,1376541304,1376551,1.98603
5.62486,1376578744,1376589,2.21829
5.62486,1376616184,1376627,2.45054
5.62486,1376653624,1376664,2.67669
5.62486,1376691068,1376702,2.90894
5.62486,1376728504,1376739,3.13509
5.62486,1376765948,1376777,3.36735
5.62486,1376803384,1376814,3.59349
5.62486,1376840824,1376851,3.81964
5.62486,1376878264,1376888,4.04578
5.62486,1376915704,1376926,4.27804
5.62486,1376953148,1376964,4.51029
5.62486,1376990584,1377001,4.73644
5.62486,1377028028,1377039,4.96870
5.62486,1377065464,1377076,5.19484
5.62486,1377102904,1377114,5.42710
5.62486,1377140344,1377150,5.64713
0.23575,1377177784,1377188,5.69468
0.02365,1377215224,1377226,5.70974
0.07668,1377686252,1377696,0.33540
0.05951,1378021472,1378032,0.21123
0.32464,1378145436,1378156,0.18207
0.15373,1378180480,1378191,0.03537
0.10224,1378215512,1378226,0.02884
0.03738,1378272800,1378283,0.02840
0.04196,1378296712,1378308,0.04160
0.13428,1378320640,1378331,0.06332
0.04997,1378355676,1378366,0.02016
0.15793,1378379604,1378391,0.04577
0.15297,1378429340,1378440,0.04939
0.24949,1378475528,1378486,0.05921
0.40894,1378499480,1378510,0.09876
0.24796,1378534528,1378545,0.04491
0.09270,1378569592,1378580,0.02746
0.14038,1378594308,1378605,0.05160
0.14763,1378642864,1378654,0.04852
0.06294,1378880384,1378891,0.15323
0.02022,1378915428,1378926,0.01283
0.05608,1378972696,1378983,0.03479
0.23995,1378996612,1379007,0.06508
0.10567,1379031648,1379042,0.02932
0.04196,1379066664,1379078,0.01900
0.02899,1379090608,1379101,0.02910
0.02518,1379392500,1379403,0.12349
0.06447,1379416428,1379427,0.13920
0.28382,1379440352,1379450,0.17077
0.53750,1379464300,1379475,0.21801
0.92546,1379489368,1379500,0.27999
1.85130,1379526808,1379537,0.40973
2.70581,1379564248,1379574,0.56658
3.24216,1379601688,1379612,0.74291
3.38407,1379639124,1379650,0.92306
4.05394,1379676568,1379687,1.11504
4.89013,1379714004,1379725,1.33160
5.36011,1379751448,1379762,1.55236
5.62486,1379788888,1379800,1.78462
5.62486,1379826328,1379836,2.00465
5.62486,1379863768,1379874,2.23691
5.62486,1379901216,1379912,2.46916
5.62486,1379938648,1379949,2.69531
5.62486,1379976088,1379987,2.92757
5.62486,1380013528,1380024,3.15371
5.62486,1380050968,1380062,3.38597
5.62486,1380088408,1380099,3.61211
5.62486,1380125848,1380136,3.83826
5.62486,1380163288,1380173,4.06440
5.62486,1380200728,1380211,4.29666
5.62486,1380238168,1380249,4.52892
5.62486,1380275608,1380286,4.75506
5.62486,1380313048,1380324,4.98732
5.62486,1380350488,1380361,5.21346
5.62486,1380387928,1380399,5.44572
5.62486,1380425368,1380435,5.66575
5.62486,1380462808,1380473,5.89801
5.62486,1380500256,1380511,6.13027
5.62486,1380537688,1380548,6.35641
5.62486,1380575128,1380586,6.58867
0.87053,1380612568,1380623,6.67763
0.02632,1380650008,1380661,6.69352
0.07057,1381198848,1381210,0.37586
0.37575,1381322824,1381334,0.19589
0.04273,1381524624,1381535,0.10707
0.18845,1381548524,1381559,0.13392
0.19303,1381572472,1381583,0.16109
0.26207,1381607540,1381618,0.04618
0.40398,1381653700,1381664,0.07535
0.13695,1381677636,1381688,0.09824
0.39406,1381701584,1381712,0.13706
0.05608,1381744908,1381755,0.02624
0.12932,1381804596,1381815,0.05561
0.21477,1381828548,1381839,0.08427
0.20790,1381852500,1381863,0.11247
0.16136,1381883552,1381894,0.14456
0.40284,1381920992,1381932,0.20672
0.16251,1381969556,1381980,0.04987
0.14763,1382006992,1382018,0.03763
0.07782,1382044424,1382055,0.02660
0.22278,1382081868,1382092,0.04501
0.11978,1382108192,1382119,0.06909
0.13886,1382167860,1382178,0.05666
0.02022,1382225172,1382236,0.02125
0.14420,1382271332,1382282,0.04502
0.05684,1382295256,1382305,0.05915
0.02785,1382363664,1382374,0.02967
0.02632,1382443180,1382454,0.03345
0.38529,1382600500,1382611,0.25114
0.10224,1382635544,1382646,0.02884
0.04616,1382659460,1382670,0.04213
0.02708,1382694504,1382705,0.01484
0.02365,1382862980,1382874,0.06698
0.04730,1382886884,1382897,0.07987
0.24109,1382910804,1382922,0.11151
0.50584,1382934748,1382945,0.15366
1.04562,1382959836,1382970,0.21954
2.44678,1382997280,1383008,0.37273
3.72015,1383034716,1383046,0.56161
5.09461,1383072156,1383083,0.77683
5.62486,1383109596,1383120,1.00298
5.62486,1383147040,1383157,1.22912
5.62486,1383184476,1383195,1.46138
5.62486,1383221916,1383232,1.68752
5.62486,1383259360,1383270,1.91978
5.62486,1383296804,1383308,2.15204
5.62486,1383334240,1383345,2.37818
5.62486,1383371680,1383383,2.61044
5.62486,1383409116,1383419,2.83047
5.62486,1383446556,1383457,3.06273
5.62486,1383483996,1383494,3.28887
5.62486,1383521436,1383532,3.52113
5.62486,1383558880,1383569,3.74728
5.62486,1383596316,1383607,3.97953
5.62486,1383633756,1383645,4.21179
5.62486,1383671196,1383682,4.43794
5.62486,1383708636,1383719,4.66408
5.62486,1383746076,1383756,4.89022
5.62486,1383783516,1383794,5.12248
5.62486,1383820956,1383831,5.34863
5.62486,1383858400,1383869,5.58088
5.62486,1383895840,1383907,5.81314
5.62486,1383933276,1383944,6.03928
5.62486,1383970720,1383982,6.27154
0.12741,1384008160,1384018,6.30466
0.11444,1384467988,1384478,0.40103
0.22011,1384514140,1384524,0.05562
0.09270,1384538048,1384549,0.07523
0.24186,1384561980,1384572,0.10438
0.08812,1384585904,1384596,0.12274
0.06561,1384610992,1384622,0.13991
0.17815,1384748504,1384759,0.14902
0.04807,1384772428,1384783,0.16258
0.21401,1384851968,1384862,0.09418
0.15297,1384898120,1384908,0.04637
0.04120,1384944284,1384954,0.02406
0.18845,1384968204,1384979,0.05203
0.14496,1385014360,1385025,0.04513
0.08125,1385060540,1385071,0.03379
0.19036,1385095560,1385106,0.03935
0.13695,1385130604,1385141,0.03338
0.13352,1385199024,1385209,0.06403
0.07057,1385445252,1385456,0.16910
0.10033,1385480292,1385491,0.02857
0.06294,1385515328,1385526,0.02263
0.02098,1385605964,1385617,0.03397
0.02976,1385641000,1385652,0.01556
0.14420,1385664924,1385675,0.03807
0.03128,1385777780,1385788,0.05150
0.02976,1385801696,1385812,0.06217
0.02632,1386036828,1386047,0.09826
0.11177,1386082988,1386093,0.03963
0.02785,1386106916,1386118,0.05038
0.02022,1386130836,1386141,0.05881
0.02708,1386154768,1386166,0.06942
0.02098,1386190976,1386202,0.01344
0.02708,1386239532,1386250,0.02036
0.06828,1386263484,1386274,0.03652
0.03738,1386292180,1386303,0.05097
0.03319,1422985528,1422996,2.39297
0.02022,1423020576,1423031,0.01283
0.07057,1423100080,1423111,0.05477
0.02899,1423168468,1423179,0.02984
0.25826,1423336896,1423347,0.22002
0.09079,1423371940,1423382,0.02718
0.26093,1423406996,1423418,0.04739
0.07858,1423430936,1423441,0.06401
0.38720,1423465992,1423476,0.05613
0.02518,1423489956,1423501,0.06635
0.27314,1423536124,1423547,0.06196
0.13199,1423560072,1423570,0.08349
0.31777,1423583996,1423595,0.11981
0.22354,1423632080,1423642,0.05727
0.02708,1423680628,1423691,0.02078
0.08202,1423704564,1423715,0.03850
0.03853,1423888912,1423899,0.09308
0.02518,1424068480,1424079,0.07361
0.39521,1424570448,1424581,0.81329
0.06638,1424594372,1424605,0.82923
0.05493,1424629448,1424640,0.02114
0.02022,1424664512,1424675,0.01283
0.02289,1424688456,1424699,0.02218
0.02098,1425123776,1425134,0.16238
0.05150,1425147708,1425159,0.17700
0.18425,1425171652,1425182,0.20244
0.30365,1425195588,1425206,0.23653
0.44289,1425220636,1425231,0.27940
0.80415,1425258076,1425268,0.36491
1.26001,1425295516,1425306,0.47484
1.94896,1425332956,1425343,0.60795
2.28809,1425370396,1425381,0.75608
2.49409,1425407840,1425419,0.91074
2.85534,1425445276,1425456,1.07187
2.78897,1425482720,1425494,1.23541
2.68482,1425520156,1425530,1.38743
2.41627,1425557596,1425568,1.53965
2.36820,1425595036,1425605,1.68639
2.46510,1425632476,1425643,1.84014
2.49523,1425669924,1425681,1.99484
2.47044,1425707356,1425718,2.14471
2.50248,1425744800,1425756,2.29962
2.65545,1425782236,1425793,2.45500
2.42161,1425819676,1425830,2.60339
2.24041,1425857116,1425867,2.74611
2.21675,1425894556,1425905,2.89192
2.12215,1425931996,1425942,3.03082
2.24994,1425969436,1425980,3.17771
2.21599,1426006880,1426018,3.32349
2.13092,1426044316,1426055,3.46269
2.38155,1426081760,1426093,3.61381
2.45136,1426119196,1426129,3.75907
2.36057,1426156636,1426167,3.90953
2.25185,1426194076,1426204,4.05262
2.26978,1426231516,1426242,4.20016
2.45899,1426268964,1426280,4.35372
2.62646,1426306396,1426317,4.50825
2.61692,1426343840,1426355,4.66667
2.71992,1426381276,1426392,4.82393
2.82025,1426418716,1426429,4.98406
2.84314,1426456156,1426466,5.14484
2.86564,1426493596,1426504,5.31062
2.64553,1426531036,1426541,5.46571
2.55589,1426568476,1426579,5.62227
2.56199,1426605920,1426617,5.77902
2.49981,1426643356,1426654,5.92978
2.45747,1426680800,1426692,6.08329
2.68597,1426718236,1426728,6.23534
2.71382,1426755676,1426766,6.39667
2.92782,1426793116,1426803,6.55982
2.89731,1426830556,1426841,6.72651
3.03769,1426868004,1426879,6.89719
3.21851,1426905436,1426916,7.06826
3.03159,1426942880,1426954,7.23877
2.92515,1426980316,1426991,7.40185
2.85954,1427017756,1427028,7.56309
2.78019,1427055196,1427065,7.72208
2.35103,1427092636,1427103,7.87224
2.24460,1427130080,1427140,8.01509
2.13970,1427167516,1427178,8.15834
1.95926,1427204960,1427216,8.29542
1.72160,1427242396,1427253,8.42053
1.45686,1427279840,1427291,8.53873
1.19173,1427317276,1427328,8.64282
0.10643,1427354716,1427365,8.67393
0.04349,1427848004,1427859,0.26549
0.23919,1428272124,1428283,0.53440
0.02098,1428585116,1428595,0.11647
0.03738,1428609052,1428620,0.12892
0.12741,1428644100,1428655,0.03220
0.22278,1428734724,1428746,0.11069
0.07668,1428958748,1428969,0.15914
0.16670,1429004916,1429015,0.04840
0.03052,1429117776,1429129,0.05132
0.02098,1429208392,1429219,0.03360
0.31777,1429654764,1429665,0.64792
0.09957,1429678684,1429689,0.66743
0.05150,1429713764,1429725,0.02105
0.02022,1429737700,1429748,0.02948
0.02098,1429995100,1430005,0.09594
0.09003,1430019028,1430030,0.11527
0.56268,1430042960,1430053,0.15973
0.94339,1430066900,1430077,0.21980
1.43130,1430091972,1430103,0.29996
2.17517,1430129412,1430140,0.44059
2.86564,1430166852,1430177,0.60201
3.19791,1430204292,1430215,0.77713
3.36042,1430241732,1430252,0.95193
3.33066,1430279176,1430290,1.13065
3.29328,1430316612,1430327,1.30369
3.27344,1430354052,1430365,1.48087
3.57786,1430391492,1430402,1.66123
3.69497,1430428932,1430439,1.84452
3.27344,1430466372,1430477,2.02170
3.28908,1430503812,1430514,2.19463
3.47410,1430541252,1430552,2.37716
3.07431,1430578692,1430589,2.54435
3.06210,1430616132,1430627,2.71571
2.84199,1430653572,1430664,2.87646
2.85878,1430691012,1430702,3.04204
2.89273,1430728452,1430739,3.20421
2.75502,1430765892,1430776,3.36248
2.78553,1430803332,1430814,3.52592
2.85267,1430840772,1430851,3.68697
2.84848,1430878216,1430889,3.85225
2.76799,1430915652,1430926,4.01089
2.82368,1430953092,1430964,4.17545
2.99153,1430990532,1431001,4.34037
3.10407,1431027972,1431038,4.50837
3.08652,1431065412,1431076,4.68042
3.05982,1431102852,1431113,4.84721
3.02281,1431140292,1431151,5.01747
3.00641,1431177732,1431188,5.18280
2.99687,1431215172,1431226,5.35233
2.86755,1431252612,1431263,5.51380
2.84123,1431290052,1431301,5.67887
2.92439,1431327492,1431339,5.84634
2.87442,1431364932,1431375,6.00363
2.82635,1431402372,1431413,6.16827
2.72259,1431439812,1431450,6.32560
2.57839,1431477256,1431488,6.48285
2.33616,1431514692,1431525,6.62859
2.22210,1431552132,1431563,6.77457
2.21675,1431589572,1431600,6.91654
2.10803,1431627012,1431638,7.05872
1.95125,1431664448,1431675,7.19192
2.00885,1431701892,1431712,7.32706
1.93027,1431739332,1431750,7.46312
1.95506,1431776772,1431787,7.59645
1.80858,1431814212,1431825,7.72814
1.63539,1431851652,1431862,7.85008
1.55222,1431889092,1431900,7.97209
1.50301,1431926532,1431938,8.09215
1.44465,1431963972,1431974,8.20366
1.23522,1432001412,1432012,8.31250
1.04295,1432038852,1432049,8.40988
0.92813,1432076296,1432087,8.50422
0.07439,1432135964,1432146,0.04147
0.03052,1432159916,1432170,0.05227
0.03662,1432744520,1432755,0.28851
0.03929,1432779576,1432791,0.01839
0.04005,1432825748,1432837,0.02373
0.28267,1432849668,1432860,0.05524
0.07858,1432951412,1432962,0.07369
0.17357,1432975336,1432986,0.09946
0.14038,1432999272,1433010,0.12263
0.18692,1433056560,1433067,0.06351
0.02022,1433102724,1433113,0.01686
0.03662,1433159996,1433170,0.02811
0.07935,1433183912,1433194,0.04553
0.06981,1433207852,1433219,0.06256
0.02289,1433242908,1433253,0.01326
0.03586,1433344676,1433355,0.04978
0.02365,1433490880,1433501,0.05786
0.02632,1433537032,1433547,0.01923
0.03738,1433638788,1433650,0.05132
0.03510,1433662700,1433673,0.06243
0.09270,1434186912,1434198,0.41193
0.02289,1434366480,1434377,0.06979
0.05684,1434423764,1434434,0.03502
0.06371,1434447684,1434459,0.05128
0.04463,1434471612,1434482,0.06380
0.02365,1434495532,1434506,0.07332
0.03128,1434553916,1434564,0.02644
0.02785,1434633464,1434644,0.03440
0.12207,1434757424,1434768,0.11165
0.05417,1434781340,1434791,0.12545
0.04120,1434805292,1434816,0.13852
0.02365,1434829232,1434840,0.14803
0.06447,1434854276,1434865,0.16439
0.06638,1434891716,1434902,0.18896
0.24796,1434995884,1435006,0.13346
0.09155,1435019812,1435030,0.15218
0.04616,1435054884,1435066,0.01993
0.02289,1435078820,1435089,0.02890
0.04120,1435391828,1435403,0.16425
0.30900,1435415772,1435426,0.19720
0.79957,1435439708,1435450,0.25250
1.17876,1435463656,1435474,0.31965
1.66400,1435488704,1435499,0.40276
2.31174,1435526144,1435537,0.55166
2.77829,1435563584,1435574,0.71059
3.22728,1435601024,1435612,0.88652
3.33448,1435638464,1435649,1.06064
3.02472,1435675904,1435686,1.22647
3.25437,1435713344,1435724,1.40314
3.35164,1435750784,1435761,1.57770
3.52293,1435788224,1435799,1.76151
3.38674,1435825664,1435836,1.93699
3.09377,1435863104,1435874,2.10924
3.11818,1435900544,1435911,2.27761
3.03082,1435937984,1435949,2.44810
2.68940,1435975424,1435986,2.60447
2.59136,1436012864,1436023,2.75797
2.87022,1436050304,1436061,2.92388
3.00641,1436087744,1436098,3.08921
3.03349,1436125180,1436136,3.25977
3.05715,1436162624,1436173,3.42649
3.26505,1436200064,1436211,3.60345
3.09453,1436237504,1436248,3.77118
3.02472,1436274944,1436285,3.93702
3.16587,1436312384,1436323,4.11126
3.01251,1436349824,1436360,4.27676
3.11360,1436387264,1436398,4.44956
3.07965,1436424704,1436435,4.61690
2.98123,1436462144,1436473,4.78598
3.03883,1436499584,1436510,4.95220
2.99420,1436537024,1436548,5.12166
2.86221,1436574460,1436585,5.28298
2.73289,1436611904,1436622,5.44061
2.72946,1436649344,1436660,5.60240
2.81682,1436686784,1436697,5.76243
2.65164,1436724228,1436735,5.92190
2.65774,1436761664,1436772,6.07735
2.70848,1436799104,1436810,6.23851
2.46700,1436836544,1436847,6.38828
2.45403,1436873984,1436884,6.53765
2.39261,1436911424,1436922,6.68913
2.37697,1436948864,1436959,6.83614
2.45747,1436986304,1436997,6.98966
2.38041,1437023740,1437034,7.13677
2.35256,1437061184,1437072,7.28698
2.43725,1437098624,1437109,7.43584
2.57076,1437136064,1437147,7.59285
2.47654,1437173504,1437185,7.74697
2.45556,1437210944,1437221,7.89235
2.70771,1437248384,1437259,8.05349
2.87366,1437285824,1437296,8.21513
2.81147,1437323264,1437334,8.37933
2.74434,1437360704,1437371,8.53729
0.36278,1437398144,1437409,8.59628









