15:50:30	0.01297,0.000000,0.009306,7.403531,0
15:50:30	0.01221,0.001878,0.009028,7.182479,0
15:50:30	0.01221,0.003196,0.009028,7.182479,0
15:50:30	0.01297,0.004350,0.009306,7.403531,0
15:50:30	0.01068,0.005406,0.008445,6.718594,0
15:50:30	0.01411,0.006619,0.009708,7.723253,0
15:50:30	0.00954,0.007601,0.007980,6.348474,0
15:50:31	0.01678,0.008924,0.010587,8.422204,0
15:50:31	0.01068,0.009980,0.008445,6.718594,0
15:50:31	0.00877,0.010929,0.007654,6.089243,0
15:50:31	0.01144,0.012022,0.008742,6.954406,0
15:50:31	0.01411,0.013235,0.009708,7.723253,0
15:50:31	0.00954,0.014225,0.007980,6.348474,0
15:50:31	0.01144,0.015317,0.008742,6.954406,0
15:50:31	0.01221,0.016437,0.009028,7.182479,0
15:50:32	0.01488,0.017683,0.009967,7.929243,0
15:50:32	0.01221,0.018811,0.009028,7.182479,0
15:50:32	0.01068,0.019858,0.008445,6.718594,0
15:50:32	0.00801,0.020773,0.007314,5.818473,0
15:50:32	0.01297,0.021927,0.009306,7.403531,0
15:50:32	0.00801,0.022834,0.007314,5.818473,0
15:50:32	0.00877,0.023790,0.007654,6.089243,0
15:50:32	0.01144,0.024883,0.008742,6.954406,0
15:50:33	0.01068,0.025930,0.008445,6.718594,0
15:50:33	0.01411,0.027144,0.009708,7.723253,0
15:50:33	0.01411,0.028357,0.009708,7.723253,0
15:50:33	0.01144,0.029441,0.008742,6.954406,0
15:50:33	0.01411,0.030655,0.009708,7.723253,0
15:50:33	0.01221,0.031774,0.009028,7.182479,0
15:50:33	0.01144,0.032867,0.008742,6.954406,0
15:50:33	0.01144,0.033960,0.008742,6.954406,0
15:50:34	0.00954,0.034941,0.007980,6.348474,0
15:50:34	0.01068,0.035997,0.008445,6.718594,0
15:50:34	0.01488,0.037243,0.009967,7.929243,0
15:50:34	0.00610,0.038034,0.006384,5.078780,0
15:50:34	0.00954,0.039032,0.007980,6.348474,0
15:50:34	0.01678,0.040355,0.010587,8.422204,0
15:50:34	0.01068,0.041403,0.008445,6.718594,0
15:50:34	0.00954,0.042400,0.007980,6.348474,0
15:50:35	0.01488,0.043636,0.009967,7.929243,0
15:50:35	0.01221,0.044764,0.009028,7.182479,0
15:50:35	0.01144,0.045857,0.008742,6.954406,0
15:50:35	0.00954,0.046847,0.007980,6.348474,0
15:50:35	0.01144,0.047931,0.008742,6.954406,0
15:50:35	0.01221,0.049059,0.009028,7.182479,0
15:50:35	0.01068,0.050106,0.008445,6.718594,0
15:50:35	0.01068,0.051162,0.008445,6.718594,0
15:50:36	0.01068,0.052218,0.008445,6.718594,0
15:50:36	0.01488,0.053454,0.009967,7.929243,0
15:50:36	0.01068,0.054509,0.008445,6.718594,0
15:50:36	0.00801,0.055424,0.007314,5.818473,0
15:50:36	0.01221,0.056543,0.009028,7.182479,0
15:50:36	0.01488,0.057789,0.009967,7.929243,0
15:50:36	0.01221,0.058908,0.009028,7.182479,0
15:50:36	0.01297,0.060072,0.009306,7.403531,0
15:50:36	0.01144,0.061164,0.008742,6.954406,0
15:50:37	0.00877,0.062106,0.007654,6.089243,0
15:50:37	0.01144,0.063199,0.008742,6.954406,0
15:50:37	0.01221,0.064327,0.009028,7.182479,0
15:50:37	0.01297,0.065481,0.009306,7.403531,0
15:50:37	0.01411,0.066695,0.009708,7.723253,0
15:50:37	0.01221,0.067823,0.009028,7.182479,0
15:50:37	0.01411,0.069027,0.009708,7.723253,0
15:50:38	0.01068,0.070083,0.008445,6.718594,0
15:50:38	0.01221,0.071202,0.009028,7.182479,0
15:50:38	0.01297,0.072365,0.009306,7.403531,0
15:50:38	0.01297,0.073529,0.009306,7.403531,1
15:50:38	0.01144,0.074613,0.008742,6.954406,1
15:50:38	0.01221,0.075732,0.009028,7.182479,1
15:50:38	0.01488,0.076978,0.009967,7.929243,1
15:50:38	0.00954,0.077968,0.007980,6.348474,1
15:50:39	0.01221,0.079096,0.009028,7.182479,1
15:50:39	0.01297,0.080259,0.009306,7.403531,1
15:50:39	0.01488,0.081495,0.009967,7.929243,1
15:50:39	0.01068,0.082551,0.008445,6.718594,1
15:50:39	0.01068,0.083607,0.008445,6.718594,1
15:50:39	0.01411,0.084811,0.009708,7.723253,1
15:50:39	0.01068,0.085866,0.008445,6.718594,1
15:50:39	0.09957,0.089063,0.025784,20.512548,1
15:50:40	0.18235,0.093425,0.034894,27.759609,1
15:50:40	0.24605,0.098492,0.040534,32.246253,1
15:50:40	0.27047,0.103719,0.042497,33.808235,1
15:50:40	0.26284,0.108956,0.041893,33.327983,1
15:50:40	0.28878,0.114445,0.043912,34.933921,1
15:50:40	0.29603,0.120002,0.044460,35.369609,1
15:50:40	0.28191,0.125382,0.043387,34.516090,1
15:50:40	0.24453,0.130433,0.040408,32.146110,1
15:50:41	0.25826,0.135624,0.041527,33.036476,1
15:50:41	0.27771,0.140964,0.043063,34.258243,1
15:50:41	0.27161,0.146287,0.042587,33.879684,1
15:50:41	0.27428,0.151636,0.042796,34.045822,1
15:50:41	0.24872,0.156690,0.040753,32.420761,1
15:50:41	0.25063,0.161803,0.040909,32.544834,1
15:50:41	0.22774,0.166639,0.038996,31.023200,1
15:50:41	0.15297,0.170602,0.031960,25.425624,1
15:50:42	-0.01297,0.170602,0.031960,25.425624,1
15:50:42	-0.10719,0.170602,0.031960,25.425624,1
15:50:42	-0.19532,0.170602,0.031960,25.425624,1
15:50:42	-0.21210,0.170602,0.031960,25.425624,1
15:50:42	-0.21286,0.170602,0.031960,25.425624,1
15:50:42	-0.21897,0.170602,0.031960,25.425624,1
15:50:42	-0.26017,0.170602,0.031960,25.425624,1
15:50:42	-0.22431,0.170602,0.031960,25.425624,1
15:50:43	-0.18235,0.170602,0.031960,25.425624,1
15:50:43	-0.22164,0.170602,0.031960,25.425624,1
15:50:43	-0.25750,0.170602,0.031960,25.425624,1
15:50:43	-0.23919,0.170602,0.031960,25.425624,1
15:50:43	-0.21134,0.170602,0.031960,25.425624,1
15:50:43	-0.21210,0.170602,0.031960,25.425624,1
15:50:43	-0.19379,0.170602,0.031960,25.425624,1
15:50:43	-0.15869,0.170602,0.031960,25.425624,1
15:50:44	-0.10986,0.170602,0.031960,25.425624,1
15:50:44	0.06447,0.173195,0.020748,16.506034,1
15:50:44	0.29259,0.178721,0.044201,35.163902,1
15:50:44	0.30900,0.184353,0.045423,36.136150,1
15:50:44	0.30213,0.189968,0.044916,35.732383,1
15:50:44	0.29603,0.195525,0.044460,35.369609,1
15:50:44	0.29145,0.200951,0.044114,35.095066,1
15:50:44	0.30480,0.206590,0.045114,35.889945,1
15:50:44	0.31243,0.212300,0.045675,36.336353,1
15:50:45	0.34104,0.218265,0.047720,37.963668,1
15:50:45	0.29488,0.223767,0.044374,35.301174,1
15:50:45	0.27848,0.229157,0.043122,34.305271,1
15:50:45	0.28534,0.234613,0.043650,34.725635,1
15:50:45	0.26551,0.239835,0.042106,33.496856,1
15:50:45	0.27581,0.245199,0.042914,34.140396,1
15:50:45	0.25750,0.250382,0.041465,32.987644,1
15:50:46	0.23232,0.255266,0.039386,31.333436,1
15:50:46	0.12055,0.258812,0.028371,22.570592,1
15:50:46	-0.06294,0.258812,0.028371,22.570592,1
15:50:46	-0.16251,0.258812,0.028371,22.570592,1
15:50:46	-0.19303,0.258812,0.028371,22.570592,1
15:50:46	-0.23232,0.258812,0.028371,22.570592,1
15:50:46	-0.14916,0.258812,0.028371,22.570592,1
15:50:46	-0.22622,0.258812,0.028371,22.570592,1
15:50:47	-0.23384,0.258812,0.028371,22.570592,1
15:50:47	-0.22507,0.258812,0.028371,22.570592,1
15:50:47	-0.21897,0.258812,0.028371,22.570592,1
15:50:47	-0.22698,0.258812,0.028371,22.570592,1
15:50:47	-0.23232,0.258812,0.028371,22.570592,1
15:50:47	-0.19646,0.258812,0.028371,22.570592,1
15:50:47	-0.16938,0.258812,0.028371,22.570592,1
15:50:47	-0.12665,0.258812,0.028371,22.570592,1
15:50:48	0.04120,0.260869,0.016586,13.195058,1
15:50:48	0.26703,0.266147,0.042226,33.592971,1
15:50:48	0.30137,0.271755,0.044859,35.687236,1
15:50:48	0.31853,0.277473,0.046119,36.689571,1
15:50:48	0.30137,0.283081,0.044859,35.687236,1
15:50:48	0.30480,0.288720,0.045114,35.889945,1
15:50:48	0.30900,0.294398,0.045423,36.136150,1
15:50:48	0.28801,0.299836,0.043854,34.887744,1
15:50:49	0.26703,0.305114,0.042226,33.592971,1
15:50:49	0.26970,0.310419,0.042437,33.760520,1
15:50:49	0.26551,0.315640,0.042106,33.496856,1
15:50:49	0.25826,0.320831,0.041527,33.036476,1
15:50:49	0.25406,0.325938,0.041188,32.766986,1
15:50:49	0.24338,0.330937,0.040313,32.070796,1
15:50:49	0.21057,0.335624,0.037498,29.831081,1
15:50:49	0.08888,0.338669,0.024362,19.381052,1
15:50:50	-0.15259,0.338669,0.024362,19.381052,1
15:50:50	-0.23384,0.338669,0.024362,19.381052,1
15:50:50	-0.23728,0.338669,0.024362,19.381052,1
15:50:50	-0.24872,0.338669,0.024362,19.381052,1
15:50:50	-0.24949,0.338669,0.024362,19.381052,1
15:50:50	-0.26169,0.338669,0.024362,19.381052,1
15:50:50	-0.25673,0.338669,0.024362,19.381052,1
15:50:50	-0.24872,0.338669,0.024362,19.381052,1
15:50:51	-0.22774,0.338669,0.024362,19.381052,1
15:50:51	-0.23461,0.338669,0.024362,19.381052,1
15:50:51	-0.23728,0.338669,0.024362,19.381052,1
15:50:51	-0.20180,0.338669,0.024362,19.381052,1
15:50:51	-0.09766,0.338669,0.024362,19.381052,1
15:50:51	0.20600,0.343268,0.037088,29.505044,1
15:50:51	0.29412,0.348808,0.044316,35.255477,1
15:50:51	0.28649,0.354275,0.043738,34.795204,1
15:50:52	0.28878,0.359764,0.043912,34.933921,1
15:50:52	0.28725,0.365194,0.043796,34.841503,1
15:50:52	0.28534,0.370651,0.043650,34.725635,1
15:50:52	0.28191,0.376074,0.043387,34.516090,1
15:50:52	0.26818,0.381279,0.042317,33.664878,1
15:50:52	0.27657,0.386651,0.042974,34.187583,1
15:50:52	0.24949,0.391753,0.040815,32.470447,1
15:50:52	0.23117,0.396664,0.039289,31.256166,1
15:50:53	0.19570,0.401146,0.036149,28.757959,1
15:50:53	0.12589,0.404770,0.028993,23.065155,1
15:50:53	-0.04005,0.404770,0.028993,23.065155,1
15:50:53	-0.17090,0.404770,0.028993,23.065155,1
15:50:53	-0.27771,0.404770,0.028993,23.065155,1
15:50:53	-0.28725,0.404770,0.028993,23.065155,1
15:50:53	-0.26627,0.404770,0.028993,23.065155,1
15:50:53	-0.28191,0.404770,0.028993,23.065155,1
15:50:54	-0.27771,0.404770,0.028993,23.065155,1
15:50:54	-0.27047,0.404770,0.028993,23.065155,1
15:50:54	-0.24949,0.404770,0.028993,23.065155,1
15:50:54	-0.24453,0.404770,0.028993,23.065155,1
15:50:54	-0.17815,0.404770,0.028993,23.065155,1
15:50:54	-0.09613,0.404770,0.028993,23.065155,1
15:50:54	-0.05226,0.404770,0.028993,23.065155,1
15:50:54	0.19646,0.409262,0.036219,28.813964,1
15:50:55	0.27771,0.414644,0.043063,34.258243,1
15:50:55	0.31701,0.420395,0.046008,36.601585,1
15:50:55	0.29335,0.425883,0.044259,35.209720,1
15:50:55	0.26627,0.431154,0.042166,33.544944,1
15:50:55	0.30747,0.436818,0.045311,36.046813,1
15:50:55	0.29335,0.442306,0.044259,35.209720,1
15:50:55	0.29679,0.447826,0.044517,35.415157,1
15:50:55	0.22889,0.452713,0.039094,31.101049,1
15:50:56	0.14420,0.456592,0.031030,24.685691,1
15:50:56	-0.04959,0.456592,0.031030,24.685691,1
15:50:56	-0.08812,0.456592,0.031030,24.685691,1
15:50:56	-0.16060,0.456592,0.031030,24.685691,1
15:50:56	-0.18578,0.456592,0.031030,24.685691,1
15:50:56	-0.22774,0.456592,0.031030,24.685691,1
15:50:56	-0.20867,0.456592,0.031030,24.685691,1
15:50:56	-0.22850,0.456592,0.031030,24.685691,1
15:50:57	-0.24605,0.456592,0.031030,24.685691,1
15:50:57	-0.24262,0.456592,0.031030,24.685691,1
15:50:57	-0.20256,0.456592,0.031030,24.685691,1
15:50:57	-0.18502,0.456592,0.031030,24.685691,1
15:50:57	-0.09613,0.456592,0.031030,24.685691,1
15:50:57	0.16136,0.460695,0.032825,26.113769,1
15:50:57	0.22011,0.465449,0.038337,30.499120,1
15:50:57	0.21134,0.470144,0.037566,29.885068,1
15:50:58	0.22965,0.475039,0.039159,31.152841,1
15:50:58	0.21553,0.479743,0.037937,30.180303,1
15:50:58	0.20867,0.484409,0.037327,29.695667,1
15:50:58	0.23384,0.489349,0.039515,31.436170,1
15:50:58	0.24720,0.494427,0.040628,32.321159,1
15:50:58	0.26093,0.499561,0.041741,33.206832,1
15:50:58	0.28038,0.504970,0.043269,34.422554,1
15:50:58	0.28534,0.510426,0.043650,34.725635,1
15:50:59	0.23919,0.515382,0.039964,31.793121,1
15:50:59	0.17357,0.519637,0.034044,27.083520,1
15:50:59	0.06828,0.522306,0.021353,16.987361,1
15:50:59	-0.06905,0.522306,0.021353,16.987361,1
15:50:59	-0.22850,0.522306,0.021353,16.987361,1
15:50:59	-0.24262,0.522306,0.021353,16.987361,1
15:50:59	-0.28534,0.522306,0.021353,16.987361,1
15:50:59	-0.28801,0.522306,0.021353,16.987361,1
15:51:00	-0.29068,0.522306,0.021353,16.987361,1
15:51:00	-0.30289,0.522306,0.021353,16.987361,1
15:51:00	-0.29145,0.522306,0.021353,16.987361,1
15:51:00	-0.22354,0.522306,0.021353,16.987361,1
15:51:00	-0.20180,0.522306,0.021353,16.987361,1
15:51:00	0.01831,0.523689,0.011057,8.796705,1
15:51:00	0.21401,0.528376,0.037802,30.073280,1
15:51:00	0.23728,0.533352,0.039804,31.666101,1
15:51:01	0.22774,0.538226,0.038996,31.023200,1
15:51:01	0.24453,0.543237,0.040408,32.146110,1
15:51:01	0.25063,0.548350,0.040909,32.544834,1
15:51:01	0.26093,0.553568,0.041741,33.206832,1
15:51:01	0.26551,0.558831,0.042106,33.496856,1
15:51:01	0.25406,0.563938,0.041188,32.766986,1
15:51:01	0.25940,0.569099,0.041619,33.109596,1
15:51:01	0.26970,0.574404,0.042437,33.760520,1
15:51:02	0.24949,0.579465,0.040815,32.470447,1
15:51:02	0.27047,0.584777,0.042497,33.808235,1
15:51:02	0.20790,0.589434,0.037259,29.641328,1
15:51:02	0.01755,0.590777,0.010825,8.611491,1
15:51:02	-0.18311,0.590777,0.010825,8.611491,1
15:51:02	-0.24262,0.590777,0.010825,8.611491,1
15:51:02	-0.28992,0.590777,0.010825,8.611491,1
15:51:02	-0.27848,0.590777,0.010825,8.611491,1
15:51:03	-0.27390,0.590777,0.010825,8.611491,1
15:51:03	-0.26169,0.590777,0.010825,8.611491,1
15:51:03	-0.24262,0.590777,0.010825,8.611491,1
15:51:03	-0.24949,0.590777,0.010825,8.611491,1
15:51:03	-0.23651,0.590777,0.010825,8.611491,1
15:51:03	-0.21286,0.590777,0.010825,8.611491,1
15:51:03	-0.19379,0.590777,0.010825,8.611491,1
15:51:03	-0.12818,0.590777,0.010825,8.611491,1
15:51:04	0.22164,0.595547,0.038470,30.604654,1
15:51:04	0.30480,0.601186,0.045114,35.889945,1
15:51:04	0.29946,0.606731,0.044717,35.574127,1
15:51:04	0.27504,0.612088,0.042855,34.093143,1
15:51:04	0.28649,0.617555,0.043738,34.795204,1
15:51:04	0.28458,0.622960,0.043592,34.679180,1
15:51:04	0.29488,0.628507,0.044374,35.301174,1
15:51:04	0.27848,0.633854,0.043122,34.305271,1
15:51:05	0.27314,0.639192,0.042706,33.974723,1
15:51:05	0.26360,0.644395,0.041954,33.376319,1
15:51:05	0.24453,0.649446,0.040408,32.146110,1
15:51:05	0.24949,0.654548,0.040815,32.470447,1
15:51:05	0.24109,0.659523,0.040123,31.919637,1
15:51:05	0.23041,0.664426,0.039224,31.204547,1
15:51:05	0.20523,0.669053,0.037019,29.450353,1
15:51:05	0.21401,0.673741,0.037802,30.073280,1
15:51:06	0.15793,0.677800,0.032474,25.834470,1
15:51:06	-0.10224,0.677800,0.032474,25.834470,1
15:51:06	-0.21820,0.677800,0.032474,25.834470,1
15:51:06	-0.22507,0.677800,0.032474,25.834470,1
15:51:06	-0.21286,0.677800,0.032474,25.834470,1
15:51:06	-0.22087,0.677800,0.032474,25.834470,1
15:51:06	-0.21019,0.677800,0.032474,25.834470,1
15:51:06	-0.20256,0.677800,0.032474,25.834470,1
15:51:07	-0.18311,0.677800,0.032474,25.834470,1
15:51:07	-0.18425,0.677800,0.032474,25.834470,1
15:51:07	-0.17014,0.677800,0.032474,25.834470,1
15:51:07	-0.12665,0.677800,0.032474,25.834470,1
15:51:07	0.20180,0.682352,0.036708,29.202985,1
15:51:07	0.29488,0.687899,0.044374,35.301174,1
15:51:07	0.31701,0.693650,0.046008,36.601585,1
15:51:07	0.30480,0.699244,0.045114,35.889945,1
15:51:08	0.29335,0.704732,0.044259,35.209720,1
15:51:08	0.26970,0.710036,0.042437,33.760520,1
15:51:08	0.27657,0.715408,0.042974,34.187583,1
15:51:08	0.25063,0.720481,0.040909,32.544834,1
15:51:08	0.25940,0.725683,0.041619,33.109596,1
15:51:08	0.25750,0.730866,0.041465,32.987644,1
15:51:08	0.25483,0.735981,0.041250,32.816150,1
15:51:08	0.24529,0.741040,0.040471,32.196220,1
15:51:09	0.18349,0.745416,0.035003,27.846582,1
15:51:09	0.00954,0.746413,0.007980,6.348474,1
15:51:09	-0.16403,0.746413,0.007980,6.348474,1
15:51:09	-0.19913,0.746413,0.007980,6.348474,1
15:51:09	-0.21553,0.746413,0.007980,6.348474,1
15:51:09	-0.23728,0.746413,0.007980,6.348474,1
15:51:09	-0.25139,0.746413,0.007980,6.348474,1
15:51:09	-0.25826,0.746413,0.007980,6.348474,1
15:51:10	-0.22087,0.746413,0.007980,6.348474,1
15:51:10	-0.22965,0.746413,0.007980,6.348474,1
15:51:10	-0.21134,0.746413,0.007980,6.348474,1
15:51:10	-0.19303,0.746413,0.007980,6.348474,1
15:51:10	-0.18235,0.746413,0.007980,6.348474,1
15:51:10	-0.01297,0.746413,0.007980,6.348474,1
15:51:10	0.24529,0.751472,0.040471,32.196220,1
15:51:10	0.28649,0.756939,0.043738,34.795204,1
15:51:11	0.28992,0.762351,0.043999,35.003070,1
15:51:11	0.27848,0.767741,0.043122,34.305271,1
15:51:11	0.27314,0.773079,0.042706,33.974723,1
15:51:11	0.26970,0.778342,0.042437,33.760520,1
15:51:11	0.26360,0.783586,0.041954,33.376319,1
15:51:11	0.26017,0.788796,0.041680,33.158248,1
15:51:11	0.25597,0.793964,0.041342,32.889755,1
15:51:11	0.25216,0.799052,0.041033,32.643756,1
15:51:11	0.24720,0.804130,0.040628,32.321159,1
15:51:12	0.24796,0.809216,0.040690,32.370998,1
15:51:12	0.24338,0.814215,0.040313,32.070796,1
15:51:12	0.21668,0.818970,0.038037,30.260322,1
15:51:12	0.22889,0.823818,0.039094,31.101049,1
15:51:12	0.09003,0.826858,0.024518,19.505424,1
15:51:12	-0.13161,0.826858,0.024518,19.505424,1
15:51:12	-0.17357,0.826858,0.024518,19.505424,1
15:51:12	-0.18921,0.826858,0.024518,19.505424,1
15:51:13	-0.18425,0.826858,0.024518,19.505424,1
15:51:13	-0.19722,0.826858,0.024518,19.505424,1
15:51:13	-0.18425,0.826858,0.024518,19.505424,1
15:51:13	-0.17891,0.826858,0.024518,19.505424,1
15:51:13	-0.17281,0.826858,0.024518,19.505424,1
15:51:13	-0.15450,0.826858,0.024518,19.505424,1
15:51:13	-0.06790,0.826858,0.024518,19.505424,1
15:51:14	0.19188,0.831261,0.035795,28.476287,1
15:51:14	0.28267,0.836691,0.043445,34.562767,1
15:51:14	0.29259,0.842216,0.044201,35.163902,1
15:51:14	0.30289,0.847793,0.044972,35.777469,1
15:51:14	0.29259,0.853318,0.044201,35.163902,1
15:51:14	0.27047,0.858630,0.042497,33.808235,1
15:51:14	0.26703,0.863908,0.042226,33.592971,1
15:51:14	0.25940,0.869069,0.041619,33.109596,1
15:51:15	0.25139,0.874191,0.040971,32.594333,1
15:51:15	0.25063,0.879304,0.040909,32.544834,1
15:51:15	0.25139,0.884385,0.040971,32.594333,1
15:51:15	0.24338,0.889424,0.040313,32.070796,1
15:51:15	0.21401,0.894149,0.037802,30.073280,1
15:51:15	0.11101,0.897498,0.027226,21.659374,1
15:51:15	-0.04616,0.897498,0.027226,21.659374,1
15:51:15	-0.16327,0.897498,0.027226,21.659374,1
15:51:16	-0.18845,0.897498,0.027226,21.659374,1
15:51:16	-0.19112,0.897498,0.027226,21.659374,1
15:51:16	-0.20600,0.897498,0.027226,21.659374,1
15:51:16	-0.19188,0.897498,0.027226,21.659374,1
15:51:16	-0.17967,0.897498,0.027226,21.659374,1
15:51:16	-0.15984,0.897498,0.027226,21.659374,1
15:51:16	-0.16136,0.897498,0.027226,21.659374,1
15:51:16	-0.15869,0.897498,0.027226,21.659374,1
15:51:17	-0.14229,0.897498,0.027226,21.659374,1
15:51:17	-0.00191,0.897498,0.027226,21.659374,1
15:51:17	0.24186,0.902521,0.040186,31.970102,1
15:51:17	0.26818,0.907768,0.042317,33.664878,1
15:51:17	0.26818,0.913058,0.042317,33.664878,1
15:51:17	0.26284,0.918295,0.041893,33.327983,1
15:51:17	0.25597,0.923421,0.041342,32.889755,1
15:51:17	0.26436,0.928673,0.042015,33.424583,1
15:51:18	0.25940,0.933875,0.041619,33.109596,1
15:51:18	0.24949,0.938936,0.040815,32.470447,1
15:51:18	0.23232,0.943860,0.039386,31.333436,1
15:51:18	0.20943,0.948534,0.037396,29.749904,1
15:51:18	0.23919,0.953530,0.039964,31.793121,1
15:51:18	0.24262,0.958521,0.040250,32.020488,1
15:51:18	0.20943,0.963158,0.037396,29.749904,1
15:51:18	0.19112,0.967623,0.035723,28.419620,1
15:51:19	0.18692,0.972004,0.035329,28.105895,1
15:51:19	0.15717,0.976053,0.032395,25.771993,1
15:51:19	0.00877,0.977010,0.007654,6.089243,1
15:51:19	-0.13695,0.977010,0.007654,6.089243,1
15:51:19	-0.17891,0.977010,0.007654,6.089243,1
15:51:19	-0.19455,0.977010,0.007654,6.089243,1
15:51:19	-0.19379,0.977010,0.007654,6.089243,1
15:51:19	-0.18082,0.977010,0.007654,6.089243,1
15:51:20	-0.16594,0.977010,0.007654,6.089243,1
15:51:20	-0.16747,0.977010,0.007654,6.089243,1
15:51:20	-0.14305,0.977010,0.007654,6.089243,1
15:51:20	-0.13542,0.977010,0.007654,6.089243,1
15:51:20	-0.10986,0.977010,0.007654,6.089243,1
15:51:20	-0.02518,0.977010,0.007654,6.089243,1
15:51:20	0.23919,0.982006,0.039964,31.793121,1
15:51:20	0.28534,0.987418,0.043650,34.725635,1
15:51:21	0.28038,0.992827,0.043269,34.422554,1
15:51:21	0.26627,0.998098,0.042166,33.544944,1
15:51:21	0.26284,1.003292,0.041893,33.327983,1
15:51:21	0.26093,1.008510,0.041741,33.206832,1
15:51:21	0.26436,1.013762,0.042015,33.424583,1
15:51:21	0.25330,1.018862,0.041126,32.717754,1
15:51:21	0.22011,1.023615,0.038337,30.499120,1
15:51:21	0.23651,1.028583,0.039740,31.615150,1
15:51:22	0.23384,1.033522,0.039515,31.436170,1
15:51:22	0.22698,1.038350,0.038931,30.971189,1
15:51:22	0.23651,1.043317,0.039740,31.615150,1
15:51:22	0.22278,1.048139,0.038569,30.683565,1
15:51:22	0.23728,1.053074,0.039804,31.666101,1
15:51:22	0.24453,1.058125,0.040408,32.146110,1
15:51:22	0.18349,1.062501,0.035003,27.846582,1
15:51:22	-0.02861,1.062501,0.035003,27.846582,1
15:51:23	-0.24796,1.062501,0.035003,27.846582,1
15:51:23	-0.23651,1.062501,0.035003,27.846582,1
15:51:23	-0.24071,1.062501,0.035003,27.846582,1
15:51:23	-0.25139,1.062501,0.035003,27.846582,1
15:51:23	-0.26436,1.062501,0.035003,27.846582,1
15:51:23	-0.23461,1.062501,0.035003,27.846582,1
15:51:23	-0.18921,1.062501,0.035003,27.846582,1
15:51:23	-0.18692,1.062501,0.035003,27.846582,1
15:51:24	-0.18235,1.062501,0.035003,27.846582,1
15:51:24	-0.06905,1.062501,0.035003,27.846582,1
15:51:24	0.22431,1.067300,0.038701,30.788469,1
15:51:24	0.22507,1.072145,0.038767,30.840782,1
15:51:24	0.22774,1.077020,0.038996,31.023200,1
15:51:24	0.22774,1.081855,0.038996,31.023200,1
15:51:24	0.22354,1.086685,0.038635,30.736059,1
15:51:24	0.23041,1.091549,0.039224,31.204547,1
15:51:25	0.24338,1.096547,0.040313,32.070796,1
15:51:25	0.22507,1.101393,0.038767,30.840782,1
15:51:25	0.21897,1.106173,0.038238,30.419729,1
15:51:25	0.22889,1.111021,0.039094,31.101049,1
15:51:25	0.22011,1.115813,0.038337,30.499120,1
15:51:25	0.21820,1.120584,0.038171,30.366687,1
15:51:25	0.18769,1.125009,0.035401,28.163196,1
15:51:25	0.10567,1.128303,0.026563,21.131935,1
15:51:25	-0.07591,1.128303,0.026563,21.131935,1
15:51:26	-0.16251,1.128303,0.026563,21.131935,1
15:51:26	-0.17472,1.128303,0.026563,21.131935,1
15:51:26	-0.19799,1.128303,0.026563,21.131935,1
15:51:26	-0.23041,1.128303,0.026563,21.131935,1
15:51:26	-0.21210,1.128303,0.026563,21.131935,1
15:51:26	-0.23995,1.128303,0.026563,21.131935,1
15:51:26	-0.18311,1.128303,0.026563,21.131935,1
15:51:27	-0.16594,1.128303,0.026563,21.131935,1
15:51:27	-0.12551,1.128303,0.026563,21.131935,1
15:51:27	-0.04883,1.128303,0.026563,21.131935,1
15:51:27	0.11521,1.131770,0.027736,22.064947,1
15:51:27	0.22622,1.136628,0.038865,30.919094,1
15:51:27	0.24605,1.141654,0.040534,32.246253,1
15:51:27	0.22622,1.146512,0.038865,30.919094,1
15:51:27	0.22889,1.151399,0.039094,31.101049,1
15:51:28	0.22354,1.156151,0.038635,30.736059,1
15:51:28	0.22164,1.160960,0.038470,30.604654,1
15:51:28	0.21134,1.165656,0.037566,29.885068,1
15:51:28	0.21210,1.170360,0.037633,29.938966,1
15:51:28	0.22278,1.175142,0.038569,30.683565,1
15:51:28	0.20256,1.179740,0.036777,29.258136,1
15:51:28	0.20600,1.184376,0.037088,29.505044,1
15:51:28	0.18349,1.188716,0.035003,27.846582,1
15:51:29	0.09422,1.191851,0.025083,19.954822,1
15:51:29	-0.08469,1.191851,0.025083,19.954822,1
15:51:29	-0.17090,1.191851,0.025083,19.954822,1
15:51:29	-0.17624,1.191851,0.025083,19.954822,1
15:51:29	-0.18692,1.191851,0.025083,19.954822,1
15:51:29	-0.19646,1.191851,0.025083,19.954822,1
15:51:29	-0.18578,1.191851,0.025083,19.954822,1
15:51:29	-0.18082,1.191851,0.025083,19.954822,1
15:51:30	-0.17090,1.191851,0.025083,19.954822,1
15:51:30	-0.17357,1.191851,0.025083,19.954822,1
15:51:30	-0.15526,1.191851,0.025083,19.954822,1
15:51:30	-0.05417,1.191851,0.025083,19.954822,1
15:51:30	0.19303,1.196339,0.035901,28.561082,1
15:51:30	0.23117,1.201211,0.039289,31.256166,1
15:51:30	0.26360,1.206455,0.041954,33.376319,1
15:51:30	0.24872,1.211549,0.040753,32.420761,1
15:51:31	0.23995,1.216473,0.040028,31.843786,1
15:51:31	0.25483,1.221629,0.041250,32.816150,1
15:51:31	0.24949,1.226731,0.040815,32.470447,1
15:51:31	0.24453,1.231782,0.040408,32.146110,1
15:51:31	0.23728,1.236718,0.039804,31.666101,1
15:51:31	0.21057,1.241405,0.037498,29.831081,1
15:51:31	0.20333,1.246011,0.036847,29.313184,1
15:51:31	0.17548,1.250255,0.034231,27.231924,1
15:51:32	0.16938,1.254459,0.033630,26.754133,1
15:51:32	0.17205,1.258696,0.033894,26.964208,1
15:51:32	0.16518,1.262847,0.033211,26.420640,1
15:51:32	0.14420,1.266695,0.031030,24.685691,1
15:51:32	0.05951,1.269186,0.019934,15.858486,1
15:51:32	-0.08011,1.269186,0.019934,15.858486,1
15:51:32	-0.17700,1.269186,0.019934,15.858486,1
15:51:32	-0.19455,1.269186,0.019934,15.858486,1
15:51:33	-0.20333,1.269186,0.019934,15.858486,1
15:51:33	-0.21897,1.269186,0.019934,15.858486,1
15:51:33	-0.19303,1.269186,0.019934,15.858486,1
15:51:33	-0.17472,1.269186,0.019934,15.858486,1
15:51:33	-0.19303,1.269186,0.019934,15.858486,1
15:51:33	-0.16327,1.269186,0.019934,15.858486,1
15:51:33	-0.10033,1.269186,0.019934,15.858486,1
15:51:33	-0.01907,1.269186,0.019934,15.858486,1
15:51:34	0.01411,1.270400,0.009708,7.723253,1
15:51:34	0.01068,1.271439,0.008445,6.718594,1
15:51:34	0.01488,1.272685,0.009967,7.929243,1
15:51:34	0.00954,1.273682,0.007980,6.348474,1
15:51:34	0.00954,1.274672,0.007980,6.348474,1
15:51:34	0.00343,1.275270,0.004788,3.809085,1
15:51:34	0.09422,1.278406,0.025083,19.954822,1
15:51:34	0.17548,1.282650,0.034231,27.231924,1
15:51:35	0.19570,1.287169,0.036149,28.757959,1
15:51:35	0.19188,1.291643,0.035795,28.476287,1
15:51:35	0.20600,1.296242,0.037088,29.505044,1
15:51:35	0.22354,1.301072,0.038635,30.736059,1
15:51:35	0.21401,1.305797,0.037802,30.073280,1
15:51:35	0.20867,1.310388,0.037327,29.695667,1
15:51:35	0.19722,1.314924,0.036289,28.869861,1
15:51:35	0.20447,1.319543,0.036950,29.395563,1
15:51:36	0.21057,1.324230,0.037498,29.831081,1
15:51:36	0.17739,1.328498,0.034416,27.379522,1
15:51:36	0.19799,1.333043,0.036360,28.925647,1
15:51:36	0.22507,1.337888,0.038767,30.840782,1
15:51:36	0.20676,1.342496,0.037156,29.559633,1
15:51:36	0.20256,1.347093,0.036777,29.258136,1
15:51:36	0.18425,1.351478,0.035076,27.904418,1
15:51:36	0.10376,1.354742,0.026322,20.940345,1
15:51:37	-0.12398,1.354742,0.026322,20.940345,1
15:51:37	-0.20790,1.354742,0.026322,20.940345,1
15:51:37	-0.19799,1.354742,0.026322,20.940345,1
15:51:37	-0.21477,1.354742,0.026322,20.940345,1
15:51:37	-0.19646,1.354742,0.026322,20.940345,1
15:51:37	-0.18158,1.354742,0.026322,20.940345,1
15:51:37	-0.17472,1.354742,0.026322,20.940345,1
15:51:37	-0.16480,1.354742,0.026322,20.940345,1
15:51:38	-0.14992,1.354742,0.026322,20.940345,1
15:51:38	-0.13542,1.354742,0.026322,20.940345,1
15:51:38	-0.08125,1.354742,0.026322,20.940345,1
15:51:38	0.18502,1.359100,0.035148,27.962129,1
15:51:38	0.26970,1.364405,0.042437,33.760520,1
15:51:38	0.27161,1.369728,0.042587,33.879684,1
15:51:38	0.27047,1.374955,0.042497,33.808235,1
15:51:38	0.25673,1.380130,0.041404,32.938735,1
15:51:39	0.24796,1.385217,0.040690,32.370998,1
15:51:39	0.24949,1.390278,0.040815,32.470447,1
15:51:39	0.24720,1.395356,0.040628,32.321159,1
15:51:39	0.24529,1.400415,0.040471,32.196220,1
15:51:39	0.23919,1.405371,0.039964,31.793121,1
15:51:39	0.21477,1.410104,0.037869,30.126840,1
15:51:39	0.19303,1.414592,0.035901,28.561082,1
15:51:39	0.20066,1.419167,0.036604,29.120059,1
15:51:40	0.09422,1.422278,0.025083,19.954822,1
15:51:40	-0.13695,1.422278,0.025083,19.954822,1
15:51:40	-0.20066,1.422278,0.025083,19.954822,1
15:51:40	-0.21553,1.422278,0.025083,19.954822,1
15:51:40	-0.19799,1.422278,0.025083,19.954822,1
15:51:40	-0.19532,1.422278,0.025083,19.954822,1
15:51:40	-0.18769,1.422278,0.025083,19.954822,1
15:51:40	-0.17624,1.422278,0.025083,19.954822,1
15:51:41	-0.16480,1.422278,0.025083,19.954822,1
15:51:41	-0.16060,1.422278,0.025083,19.954822,1
15:51:41	-0.10986,1.422278,0.025083,19.954822,1
15:51:41	0.15450,1.426261,0.032119,25.552118,1
15:51:41	0.28191,1.431684,0.043387,34.516090,1
15:51:41	0.28649,1.437151,0.043738,34.795204,1
15:51:41	0.29335,1.442639,0.044259,35.209720,1
15:51:41	0.28115,1.448012,0.043328,34.469356,1
15:51:42	0.26360,1.453256,0.041954,33.376319,1
15:51:42	0.26360,1.458500,0.041954,33.376319,1
15:51:42	0.25597,1.463627,0.041342,32.889755,1
15:51:42	0.25330,1.468768,0.041126,32.717754,1
15:51:42	0.24872,1.473862,0.040753,32.420761,1
15:51:42	0.23232,1.478746,0.039386,31.333436,1
15:51:42	0.23995,1.483749,0.040028,31.843786,1
15:51:42	0.20600,1.488385,0.037088,29.505044,1
15:51:43	0.13352,1.492117,0.029859,23.753818,1
15:51:43	-0.10376,1.492117,0.029859,23.753818,1
15:51:43	-0.17967,1.492117,0.029859,23.753818,1
15:51:43	-0.19188,1.492117,0.029859,23.753818,1
15:51:43	-0.18425,1.492117,0.029859,23.753818,1
15:51:43	-0.17548,1.492117,0.029859,23.753818,1
15:51:43	-0.16594,1.492117,0.029859,23.753818,1
15:51:43	-0.16480,1.492117,0.029859,23.753818,1
15:51:44	-0.15526,1.492117,0.029859,23.753818,1
15:51:44	-0.14229,1.492117,0.029859,23.753818,1
15:51:44	-0.01907,1.492117,0.029859,23.753818,1
15:51:44	0.25063,1.497231,0.040909,32.544834,1
15:51:44	0.28267,1.502618,0.043445,34.562767,1
15:51:44	0.29755,1.508190,0.044574,35.460647,1
15:51:44	0.28382,1.513631,0.043533,34.632659,1
15:51:44	0.28878,1.519077,0.043912,34.933921,1
15:51:45	0.28115,1.524449,0.043328,34.469356,1
15:51:45	0.27237,1.529780,0.042647,33.927234,1
15:51:45	0.26818,1.535070,0.042317,33.664878,1
15:51:45	0.26894,1.540324,0.042377,33.712734,1
15:51:45	0.24872,1.545418,0.040753,32.420761,1
15:51:45	0.23728,1.550394,0.039804,31.666101,1
15:51:45	0.22164,1.555164,0.038470,30.604654,1
15:51:45	0.21744,1.559927,0.038104,30.313552,1
15:51:46	0.10224,1.563193,0.026128,20.785802,1
15:51:46	-0.08202,1.563193,0.026128,20.785802,1
15:51:46	-0.13619,1.563193,0.026128,20.785802,1
15:51:46	-0.16480,1.563193,0.026128,20.785802,1
15:51:46	-0.19646,1.563193,0.026128,20.785802,1
15:51:46	-0.16251,1.563193,0.026128,20.785802,1
15:51:46	-0.16136,1.563193,0.026128,20.785802,1
15:51:46	-0.17014,1.563193,0.026128,20.785802,1
15:51:47	-0.15984,1.563193,0.026128,20.785802,1
15:51:47	-0.14382,1.563193,0.026128,20.785802,1
15:51:47	-0.10224,1.563193,0.026128,20.785802,1
15:51:47	0.11101,1.566596,0.027226,21.659374,1
15:51:47	0.29488,1.572143,0.044374,35.301174,1
15:51:47	0.28801,1.577581,0.043854,34.887744,1
15:51:47	0.27581,1.582945,0.042914,34.140396,1
15:51:47	0.26894,1.588242,0.042377,33.712734,1
15:51:48	0.24338,1.593241,0.040313,32.070796,1
15:51:48	0.24949,1.598302,0.040815,32.470447,1
15:51:48	0.21744,1.603065,0.038104,30.313552,1
15:51:48	0.22698,1.607932,0.038931,30.971189,1
15:51:48	0.21286,1.612607,0.037701,29.992765,1
15:51:48	0.16060,1.616700,0.032747,26.051961,1
15:51:48	0.03929,1.618725,0.016198,12.885997,1
15:51:48	-0.16327,1.618725,0.016198,12.885997,1
15:51:49	-0.19303,1.618725,0.016198,12.885997,1
15:51:49	-0.18578,1.618725,0.016198,12.885997,1
15:51:49	-0.19455,1.618725,0.016198,12.885997,1
15:51:49	-0.20943,1.618725,0.016198,12.885997,1
15:51:49	-0.20409,1.618725,0.016198,12.885997,1
15:51:49	-0.18425,1.618725,0.016198,12.885997,1
15:51:49	-0.10834,1.618725,0.016198,12.885997,1
15:51:49	0.11978,1.622260,0.028281,22.499052,1
15:51:50	0.25330,1.627360,0.041126,32.717754,1
15:51:50	0.27771,1.632742,0.043063,34.258243,1
15:51:50	0.26207,1.637971,0.041832,33.279575,1
15:51:50	0.27771,1.643354,0.043063,34.258243,1
15:51:50	0.28878,1.648799,0.043912,34.933921,1
15:51:50	0.27314,1.654138,0.042706,33.974723,1
15:51:50	0.24720,1.659216,0.040628,32.321159,1
15:51:50	0.24949,1.664277,0.040815,32.470447,1
15:51:51	0.25063,1.669391,0.040909,32.544834,1
15:51:51	0.25216,1.674520,0.041033,32.643756,1
15:51:51	0.23232,1.679404,0.039386,31.333436,1
15:51:51	0.14229,1.683226,0.030824,24.521883,1
15:51:51	-0.10643,1.683226,0.030824,24.521883,1
15:51:51	-0.19188,1.683226,0.030824,24.521883,1
15:51:51	-0.19379,1.683226,0.030824,24.521883,1
15:51:51	-0.21553,1.683226,0.030824,24.521883,1
15:51:52	-0.21553,1.683226,0.030824,24.521883,1
15:51:52	-0.20867,1.683226,0.030824,24.521883,1
15:51:52	-0.18921,1.683226,0.030824,24.521883,1
15:51:52	-0.18769,1.683226,0.030824,24.521883,1
15:51:52	-0.17205,1.683226,0.030824,24.521883,1
15:51:52	-0.17090,1.683226,0.030824,24.521883,1
15:51:52	-0.13962,1.683226,0.030824,24.521883,1
15:51:52	-0.01907,1.683226,0.030824,24.521883,1
15:51:53	0.25330,1.688326,0.041126,32.717754,1
15:51:53	0.27161,1.693649,0.042587,33.879684,1
15:51:53	0.26017,1.698859,0.041680,33.158248,1
15:51:53	0.26818,1.704149,0.042317,33.664878,1
15:51:53	0.27428,1.709455,0.042796,34.045822,1
15:51:53	0.26207,1.714684,0.041832,33.279575,1
15:51:53	0.26818,1.719974,0.042317,33.664878,1
15:51:53	0.26284,1.725168,0.041893,33.327983,1
15:51:54	0.27504,1.730525,0.042855,34.093143,1
15:51:54	0.26818,1.735815,0.042317,33.664878,1
15:51:54	0.26436,1.740983,0.042015,33.424583,1
15:51:54	0.25406,1.746131,0.041188,32.766986,1
15:51:54	0.24605,1.751198,0.040534,32.246253,1
15:51:54	0.23308,1.756129,0.039451,31.384847,1
15:51:54	0.21668,1.760846,0.038037,30.260322,1
15:51:54	0.22087,1.765646,0.038404,30.551931,1
15:51:55	0.18692,1.770063,0.035329,28.105895,1
15:51:55	0.20676,1.774670,0.037156,29.559633,1
15:51:55	0.18692,1.779086,0.035329,28.105895,1
15:51:55	0.13199,1.782797,0.029687,23.617691,1
15:51:55	-0.11101,1.782797,0.029687,23.617691,1
15:51:55	-0.21553,1.782797,0.029687,23.617691,1
15:51:55	-0.22011,1.782797,0.029687,23.617691,1
15:51:55	-0.24949,1.782797,0.029687,23.617691,1
15:51:56	-0.23461,1.782797,0.029687,23.617691,1
15:51:56	-0.20409,1.782797,0.029687,23.617691,1
15:51:56	-0.21630,1.782797,0.029687,23.617691,1
15:51:56	-0.19532,1.782797,0.029687,23.617691,1
15:51:56	-0.17815,1.782797,0.029687,23.617691,1
15:51:56	-0.17014,1.782797,0.029687,23.617691,1
15:51:56	-0.12741,1.782797,0.029687,23.617691,1
15:51:56	0.01411,1.784001,0.009708,7.723253,1
15:51:57	0.23575,1.788960,0.039676,31.564113,1
15:51:57	0.28115,1.794376,0.043328,34.469356,1
15:51:57	0.27771,1.799759,0.043063,34.258243,1
15:51:57	0.25750,1.804859,0.041465,32.987644,1
15:51:57	0.26207,1.810088,0.041832,33.279575,1
15:51:57	0.25330,1.815229,0.041126,32.717754,1
15:51:57	0.25597,1.820356,0.041342,32.889755,1
15:51:57	0.24720,1.825434,0.040628,32.321159,1
15:51:58	0.25330,1.830575,0.041126,32.717754,1
15:51:58	0.25483,1.835690,0.041250,32.816150,1
15:51:58	0.23728,1.840665,0.039804,31.666101,1
15:51:58	0.22889,1.845552,0.039094,31.101049,1
15:51:58	0.21820,1.850324,0.038171,30.366687,1
15:51:58	0.20867,1.854952,0.037327,29.695667,1
15:51:58	0.11177,1.858367,0.027319,21.733676,1
15:51:58	-0.10719,1.858367,0.027319,21.733676,1
15:51:59	-0.20066,1.858367,0.027319,21.733676,1
15:51:59	-0.22087,1.858367,0.027319,21.733676,1
15:51:59	-0.21630,1.858367,0.027319,21.733676,1
15:51:59	-0.22622,1.858367,0.027319,21.733676,1
15:51:59	-0.20867,1.858367,0.027319,21.733676,1
15:51:59	-0.20180,1.858367,0.027319,21.733676,1
15:51:59	-0.19455,1.858367,0.027319,21.733676,1
15:51:59	-0.17967,1.858367,0.027319,21.733676,1
15:52:00	-0.16403,1.858367,0.027319,21.733676,1
15:52:00	-0.13962,1.858367,0.027319,21.733676,1
15:52:00	-0.04196,1.858367,0.027319,21.733676,1
15:52:00	0.25673,1.863501,0.041404,32.938735,1
15:52:00	0.30976,1.869141,0.045479,36.180736,1
15:52:00	0.29145,1.874655,0.044114,35.095066,1
15:52:00	0.28801,1.880093,0.043854,34.887744,1
15:52:00	0.29335,1.885625,0.044259,35.209720,1
15:52:01	0.27848,1.891015,0.043122,34.305271,1
15:52:01	0.28878,1.896460,0.043912,34.933921,1
15:52:01	0.27161,1.901784,0.042587,33.879684,1
15:52:01	0.26627,1.907054,0.042166,33.544944,1
15:52:01	0.26436,1.912306,0.042015,33.424583,1
15:52:01	0.26207,1.917494,0.041832,33.279575,1
15:52:01	0.27428,1.922843,0.042796,34.045822,1
15:52:01	0.24338,1.927882,0.040313,32.070796,1
15:52:02	0.21668,1.932561,0.038037,30.260322,1
15:52:02	0.17357,1.936816,0.034044,27.083520,1
15:52:02	-0.02022,1.936816,0.034044,27.083520,1
15:52:02	-0.17624,1.936816,0.034044,27.083520,1
15:52:02	-0.19532,1.936816,0.034044,27.083520,1
15:52:02	-0.20600,1.936816,0.034044,27.083520,1
15:52:02	-0.20943,1.936816,0.034044,27.083520,1
15:52:02	-0.19799,1.936816,0.034044,27.083520,1
15:52:03	-0.20066,1.936816,0.034044,27.083520,1
15:52:03	-0.17472,1.936816,0.034044,27.083520,1
15:52:03	-0.18578,1.936816,0.034044,27.083520,1
15:52:03	-0.16327,1.936816,0.034044,27.083520,1
15:52:03	-0.11864,1.936816,0.034044,27.083520,1
15:52:03	-0.04005,1.936816,0.034044,27.083520,1
15:52:03	0.21286,1.941491,0.037701,29.992765,1
15:52:03	0.29755,1.947063,0.044574,35.460647,1
15:52:04	0.31090,1.952713,0.045563,36.247512,1
15:52:04	0.28992,1.958212,0.043999,35.003070,1
15:52:04	0.29946,1.963802,0.044717,35.574127,1
15:52:04	0.28878,1.969291,0.043912,34.933921,1
15:52:04	0.28267,1.974678,0.043445,34.562767,1
15:52:04	0.28801,1.980160,0.043854,34.887744,1
15:52:04	0.28191,1.985583,0.043387,34.516090,1
15:52:04	0.25139,1.990664,0.040971,32.594333,1
15:52:05	0.23995,1.995667,0.040028,31.843786,1
15:52:05	0.23117,2.000539,0.039289,31.256166,1
15:52:05	0.22774,2.005414,0.038996,31.023200,1
15:52:05	0.15373,2.009387,0.032040,25.488945,1
15:52:05	-0.06180,2.009387,0.032040,25.488945,1
15:52:05	-0.20523,2.009387,0.032040,25.488945,1
15:52:05	-0.20600,2.009387,0.032040,25.488945,1
15:52:05	-0.20867,2.009387,0.032040,25.488945,1
15:52:06	-0.22164,2.009387,0.032040,25.488945,1
15:52:06	-0.20523,2.009387,0.032040,25.488945,1
15:52:06	-0.24338,2.009387,0.032040,25.488945,1
15:52:06	-0.20409,2.009387,0.032040,25.488945,1
15:52:06	-0.18769,2.009387,0.032040,25.488945,1
15:52:06	-0.15106,2.009387,0.032040,25.488945,1
15:52:06	-0.10719,2.009387,0.032040,25.488945,1
15:52:06	0.19570,2.013905,0.036149,28.757959,1
15:52:07	0.26207,2.019092,0.041832,33.279575,1
15:52:07	0.24186,2.024116,0.040186,31.970102,1
15:52:07	0.24262,2.029147,0.040250,32.020488,1
15:52:07	0.24453,2.034157,0.040408,32.146110,1
15:52:07	0.23728,2.039133,0.039804,31.666101,1
15:52:07	0.22507,2.043979,0.038767,30.840782,1
15:52:07	0.21897,2.048758,0.038238,30.419729,1
15:52:07	0.21744,2.053483,0.038104,30.313552,1
15:52:08	0.23384,2.058423,0.039515,31.436170,1
15:52:08	0.21744,2.063186,0.038104,30.313552,1
15:52:08	0.08049,2.066037,0.023183,18.443384,1
15:52:08	-0.17700,2.066037,0.023183,18.443384,1
15:52:08	-0.23041,2.066037,0.023183,18.443384,1
15:52:08	-0.23728,2.066037,0.023183,18.443384,1
15:52:08	-0.22622,2.066037,0.023183,18.443384,1
15:52:08	-0.21897,2.066037,0.023183,18.443384,1
15:52:09	-0.21401,2.066037,0.023183,18.443384,1
15:52:09	-0.19036,2.066037,0.023183,18.443384,1
15:52:09	-0.16480,2.066037,0.023183,18.443384,1
15:52:09	-0.10491,2.066037,0.023183,18.443384,1
15:52:09	0.17472,2.070307,0.034156,27.172658,1
15:52:09	0.28191,2.075730,0.043387,34.516090,1
15:52:09	0.28801,2.081124,0.043854,34.887744,1
15:52:09	0.27237,2.086455,0.042647,33.927234,1
15:52:10	0.27314,2.091793,0.042706,33.974723,1
15:52:10	0.26818,2.097041,0.042317,33.664878,1
15:52:10	0.26703,2.102319,0.042226,33.592971,1
15:52:10	0.25750,2.107502,0.041465,32.987644,1
15:52:10	0.25406,2.112610,0.041188,32.766986,1
15:52:10	0.24720,2.117688,0.040628,32.321159,1
15:52:10	0.23308,2.122620,0.039451,31.384847,1
15:52:10	0.22354,2.127449,0.038635,30.736059,1
15:52:11	0.17357,2.131670,0.034044,27.083520,1
15:52:11	0.09499,2.134819,0.025185,20.035449,1
15:52:11	-0.06180,2.134819,0.025185,20.035449,1
15:52:11	-0.14992,2.134819,0.025185,20.035449,1
15:52:11	-0.17548,2.134819,0.025185,20.035449,1
15:52:11	-0.19112,2.134819,0.025185,20.035449,1
15:52:11	-0.16480,2.134819,0.025185,20.035449,1
15:52:11	-0.15526,2.134819,0.025185,20.035449,1
15:52:12	-0.14382,2.134819,0.025185,20.035449,1
15:52:12	-0.14649,2.134819,0.025185,20.035449,1
15:52:12	-0.10719,2.134819,0.025185,20.035449,1
15:52:12	-0.05684,2.134819,0.025185,20.035449,1
15:52:12	0.11711,2.138286,0.027964,22.246854,1
15:52:12	0.22698,2.143152,0.038931,30.971189,1
15:52:12	0.27428,2.148502,0.042796,34.045822,1
15:52:12	0.26360,2.153662,0.041954,33.376319,1
15:52:13	0.25406,2.158811,0.041188,32.766986,1
15:52:13	0.24605,2.163877,0.040534,32.246253,1
15:52:13	0.26017,2.169045,0.041680,33.158248,1
15:52:13	0.25216,2.174175,0.041033,32.643756,1
15:52:13	0.24338,2.179214,0.040313,32.070796,1
15:52:13	0.22507,2.184060,0.038767,30.840782,1
15:52:13	0.21134,2.188718,0.037566,29.885068,1
15:52:13	0.21897,2.193498,0.038238,30.419729,1
15:52:14	0.22164,2.198306,0.038470,30.604654,1
15:52:14	0.20867,2.202935,0.037327,29.695667,1
15:52:14	0.19646,2.207462,0.036219,28.813964,1
15:52:14	0.19722,2.211962,0.036289,28.869861,1
15:52:14	0.17739,2.216230,0.034416,27.379522,1
15:52:14	0.11597,2.219708,0.027827,22.137887,1
15:52:14	-0.09689,2.219708,0.027827,22.137887,1
15:52:14	-0.19989,2.219708,0.027827,22.137887,1
15:52:15	-0.22087,2.219708,0.027827,22.137887,1
15:52:15	-0.21630,2.219708,0.027827,22.137887,1
15:52:15	-0.20676,2.219708,0.027827,22.137887,1
15:52:15	-0.19303,2.219708,0.027827,22.137887,1
15:52:15	-0.18082,2.219708,0.027827,22.137887,1
15:52:15	-0.16594,2.219708,0.027827,22.137887,1
15:52:15	-0.16327,2.219708,0.027827,22.137887,1
15:52:15	-0.15373,2.219708,0.027827,22.137887,1
15:52:16	-0.13275,2.219708,0.027827,22.137887,1
15:52:16	0.00191,2.220155,0.003569,2.839124,1
15:52:16	0.20676,2.224762,0.037156,29.559633,1
15:52:16	0.25826,2.229953,0.041527,33.036476,1
15:52:16	0.26970,2.235257,0.042437,33.760520,1
15:52:16	0.28267,2.240688,0.043445,34.562767,1
15:52:16	0.25330,2.245788,0.041126,32.717754,1
15:52:16	0.26970,2.251092,0.042437,33.760520,1
15:52:17	0.26360,2.256336,0.041954,33.376319,1
15:52:17	0.24262,2.261327,0.040250,32.020488,1
15:52:17	0.23041,2.266231,0.039224,31.204547,1
15:52:17	0.21744,2.270994,0.038104,30.313552,1
15:52:17	0.22011,2.275748,0.038337,30.499120,1
15:52:17	0.20943,2.280385,0.037396,29.749904,1
15:52:17	0.20523,2.285012,0.037019,29.450353,1
15:52:17	0.19989,2.289579,0.036534,29.064645,1
15:52:18	0.20066,2.294117,0.036604,29.120059,1
15:52:18	0.17967,2.298447,0.034637,27.555599,1
15:52:18	0.18502,2.302841,0.035148,27.962129,1
15:52:18	0.18235,2.307168,0.034894,27.759609,1
15:52:18	0.05226,2.309503,0.018681,14.861400,1
15:52:18	-0.13619,2.309503,0.018681,14.861400,1
15:52:18	-0.20600,2.309503,0.018681,14.861400,1
15:52:18	-0.20943,2.309503,0.018681,14.861400,1
15:52:19	-0.21019,2.309503,0.018681,14.861400,1
15:52:19	-0.21744,2.309503,0.018681,14.861400,1
15:52:19	-0.21210,2.309503,0.018681,14.861400,1
15:52:19	-0.19112,2.309503,0.018681,14.861400,1
15:52:19	-0.17281,2.309503,0.018681,14.861400,1
15:52:19	-0.16747,2.309503,0.018681,14.861400,1
15:52:19	-0.15526,2.309503,0.018681,14.861400,1
15:52:19	-0.11711,2.309503,0.018681,14.861400,1
15:52:20	0.08812,2.312535,0.024257,19.297691,1
15:52:20	0.27771,2.317875,0.043063,34.258243,1
15:52:20	0.29259,2.323400,0.044201,35.163902,1
15:52:20	0.28267,2.328830,0.043445,34.562767,1
15:52:20	0.28878,2.334275,0.043912,34.933921,1
15:52:20	0.28458,2.339681,0.043592,34.679180,1
15:52:20	0.28038,2.345089,0.043269,34.422554,1
15:52:20	0.27047,2.350402,0.042497,33.808235,1
15:52:21	0.26703,2.355638,0.042226,33.592971,1
15:52:21	0.26017,2.360848,0.041680,33.158248,1
15:52:21	0.25673,2.366023,0.041404,32.938735,1
15:52:21	0.22698,2.370851,0.038931,30.971189,1
15:52:21	0.22354,2.375680,0.038635,30.736059,1
15:52:21	0.21401,2.380405,0.037802,30.073280,1
15:52:21	0.10910,2.383752,0.026991,21.472490,1
15:52:21	-0.11788,2.383752,0.026991,21.472490,1
15:52:22	-0.19303,2.383752,0.026991,21.472490,1
15:52:22	-0.20409,2.383752,0.026991,21.472490,1
15:52:22	-0.20333,2.383752,0.026991,21.472490,1
15:52:22	-0.19799,2.383752,0.026991,21.472490,1
15:52:22	-0.20180,2.383752,0.026991,21.472490,1
15:52:22	-0.19036,2.383752,0.026991,21.472490,1
15:52:22	-0.16060,2.383752,0.026991,21.472490,1
15:52:22	-0.15717,2.383752,0.026991,21.472490,1
15:52:23	-0.15373,2.383752,0.026991,21.472490,1
15:52:23	-0.06104,2.383752,0.026991,21.472490,1
15:52:23	0.20256,2.388313,0.036777,29.258136,1
15:52:23	0.30022,2.393909,0.044774,35.619415,1
15:52:23	0.30900,2.399542,0.045423,36.136150,1
15:52:23	0.28534,2.404954,0.043650,34.725635,1
15:52:23	0.28191,2.410378,0.043387,34.516090,1
15:52:23	0.27581,2.415742,0.042914,34.140396,1
15:52:24	0.27504,2.421056,0.042855,34.093143,1
15:52:24	0.26284,2.426293,0.041893,33.327983,1
15:52:24	0.26551,2.431556,0.042106,33.496856,1
15:52:24	0.26818,2.436803,0.042317,33.664878,1
15:52:24	0.26017,2.442013,0.041680,33.158248,1
15:52:24	0.24262,2.447044,0.040250,32.020488,1
15:52:24	0.23575,2.452004,0.039676,31.564113,1
15:52:24	0.24720,2.457042,0.040628,32.321159,1
15:52:25	0.21897,2.461822,0.038238,30.419729,1
15:52:25	0.23041,2.466725,0.039224,31.204547,1
15:52:25	0.22164,2.471457,0.038470,30.604654,1
15:52:25	0.20523,2.476084,0.037019,29.450353,1
15:52:25	0.11788,2.479591,0.028055,22.319200,1
15:52:25	-0.12665,2.479591,0.028055,22.319200,1
15:52:25	-0.21477,2.479591,0.028055,22.319200,1
15:52:25	-0.21897,2.479591,0.028055,22.319200,1
15:52:26	-0.22507,2.479591,0.028055,22.319200,1
15:52:26	-0.22354,2.479591,0.028055,22.319200,1
15:52:26	-0.19799,2.479591,0.028055,22.319200,1
15:52:26	-0.20256,2.479591,0.028055,22.319200,1
15:52:26	-0.19112,2.479591,0.028055,22.319200,1
15:52:26	-0.19036,2.479591,0.028055,22.319200,1
15:52:26	-0.18235,2.479591,0.028055,22.319200,1
15:52:26	-0.14763,2.479591,0.028055,22.319200,1
15:52:27	-0.05570,2.479591,0.028055,22.319200,1
15:52:27	0.24453,2.484642,0.040408,32.146110,1
15:52:27	0.31968,2.490417,0.046202,36.755420,1
15:52:27	0.33608,2.496291,0.047372,37.686637,1
15:52:27	0.30289,2.501913,0.044972,35.777469,1
15:52:27	0.29488,2.507459,0.044374,35.301174,1
15:52:27	0.30556,2.513061,0.045170,35.934833,1
15:52:27	0.28649,2.518528,0.043738,34.795204,1
15:52:28	0.26360,2.523772,0.041954,33.376319,1
15:52:28	0.25673,2.528906,0.041404,32.938735,1
15:52:28	0.26894,2.534203,0.042377,33.712734,1
15:52:28	0.25750,2.539345,0.041465,32.987644,1
15:52:28	0.24949,2.544447,0.040815,32.470447,1
15:52:28	0.22354,2.549238,0.038635,30.736059,1
15:52:28	0.19989,2.553804,0.036534,29.064645,1
15:52:28	0.08888,2.556850,0.024362,19.381052,1
15:52:29	-0.14992,2.556850,0.024362,19.381052,1
15:52:29	-0.19799,2.556850,0.024362,19.381052,1
15:52:29	-0.21477,2.556850,0.024362,19.381052,1
15:52:29	-0.20333,2.556850,0.024362,19.381052,1
15:52:29	-0.20409,2.556850,0.024362,19.381052,1
15:52:29	-0.19455,2.556850,0.024362,19.381052,1
15:52:29	-0.19036,2.556850,0.024362,19.381052,1
15:52:29	-0.18425,2.556850,0.024362,19.381052,1
15:52:30	-0.15640,2.556850,0.024362,19.381052,1
15:52:30	0.04540,2.559009,0.017410,13.850738,1
15:52:30	0.27581,2.564373,0.042914,34.140396,1
15:52:30	0.30900,2.570051,0.045423,36.136150,1
15:52:30	0.28534,2.575464,0.043650,34.725635,1
15:52:30	0.27848,2.580854,0.043122,34.305271,1
15:52:30	0.26017,2.586064,0.041680,33.158248,1
15:52:30	0.26207,2.591251,0.041832,33.279575,1
15:52:31	0.26894,2.596548,0.042377,33.712734,1
15:52:31	0.24529,2.601607,0.040471,32.196220,1
15:52:31	0.24262,2.606638,0.040250,32.020488,1
15:52:31	0.23919,2.611553,0.039964,31.793121,1
15:52:31	0.23117,2.616465,0.039289,31.256166,1
15:52:31	0.18235,2.620826,0.034894,27.759609,1
15:52:31	-0.01030,2.620826,0.034894,27.759609,1
15:52:31	-0.14839,2.620826,0.034894,27.759609,1
15:52:32	-0.19112,2.620826,0.034894,27.759609,1
15:52:32	-0.21134,2.620826,0.034894,27.759609,1
15:52:32	-0.19646,2.620826,0.034894,27.759609,1
15:52:32	-0.19989,2.620826,0.034894,27.759609,1
15:52:32	-0.20066,2.620826,0.034894,27.759609,1
15:52:32	-0.19112,2.620826,0.034894,27.759609,1
15:52:32	-0.16480,2.620826,0.034894,27.759609,1
15:52:32	-0.11521,2.620826,0.034894,27.759609,1
15:52:33	0.04540,2.622985,0.017410,13.850738,1
15:52:33	0.27771,2.628325,0.043063,34.258243,1
15:52:33	0.30632,2.633978,0.045226,35.979667,1
15:52:33	0.30213,2.639593,0.044916,35.732383,1
15:52:33	0.29412,2.645132,0.044316,35.255477,1
15:52:33	0.28725,2.650563,0.043796,34.841503,1
15:52:33	0.27581,2.655927,0.042914,34.140396,1
15:52:33	0.26017,2.661137,0.041680,33.158248,1
15:52:34	0.26436,2.666347,0.042015,33.424583,1
15:52:34	0.23995,2.671351,0.040028,31.843786,1
15:52:34	0.23575,2.676310,0.039676,31.564113,1
15:52:34	0.22965,2.681166,0.039159,31.152841,1
15:52:34	0.24453,2.686177,0.040408,32.146110,1
15:52:34	0.21286,2.690889,0.037701,29.992765,1
15:52:34	0.16861,2.695083,0.033554,26.693809,1
15:52:34	0.04616,2.697260,0.017556,13.966646,1
15:52:35	-0.12551,2.697260,0.017556,13.966646,1
15:52:35	-0.20676,2.697260,0.017556,13.966646,1
15:52:35	-0.18692,2.697260,0.017556,13.966646,1
15:52:35	-0.20066,2.697260,0.017556,13.966646,1
15:52:35	-0.18921,2.697260,0.017556,13.966646,1
15:52:35	-0.18235,2.697260,0.017556,13.966646,1
15:52:35	-0.18158,2.697260,0.017556,13.966646,1
15:52:35	-0.16594,2.697260,0.017556,13.966646,1
15:52:36	-0.14763,2.697260,0.017556,13.966646,1
15:52:36	-0.13352,2.697260,0.017556,13.966646,1
15:52:36	-0.09232,2.697260,0.017556,13.966646,1
15:52:36	0.06104,2.699784,0.020188,16.060512,1
15:52:36	0.27237,2.705115,0.042647,33.927234,1
15:52:36	0.32044,2.710850,0.046257,36.799255,1
15:52:36	0.30556,2.716497,0.045170,35.934833,1
15:52:36	0.30213,2.722111,0.044916,35.732383,1
15:52:37	0.29259,2.727592,0.044201,35.163902,1
15:52:37	0.27237,2.732923,0.042647,33.927234,1
15:52:37	0.25483,2.738079,0.041250,32.816150,1
15:52:37	0.24796,2.743165,0.040690,32.370998,1
15:52:37	0.23308,2.748057,0.039451,31.384847,1
15:52:37	0.22774,2.752893,0.038996,31.023200,1
15:52:37	0.21210,2.757597,0.037633,29.938966,1
15:52:37	0.11711,2.761065,0.027964,22.246854,1
15:52:38	-0.08392,2.761065,0.027964,22.246854,1
15:52:38	-0.18082,2.761065,0.027964,22.246854,1
15:52:38	-0.23651,2.761065,0.027964,22.246854,1
15:52:38	-0.22164,2.761065,0.027964,22.246854,1
15:52:38	-0.21630,2.761065,0.027964,22.246854,1
15:52:38	-0.20943,2.761065,0.027964,22.246854,1
15:52:38	-0.18502,2.761065,0.027964,22.246854,1
15:52:38	-0.15526,2.761065,0.027964,22.246854,1
15:52:39	-0.17014,2.761065,0.027964,22.246854,1
15:52:39	-0.14839,2.761065,0.027964,22.246854,1
15:52:39	-0.04959,2.761065,0.027964,22.246854,1
15:52:39	0.21668,2.765819,0.038037,30.260322,1
15:52:39	0.29335,2.771352,0.044259,35.209720,1
15:52:39	0.29068,2.776815,0.044057,35.049098,1
15:52:39	0.27581,2.782179,0.042914,34.140396,1
15:52:39	0.28115,2.787595,0.043328,34.469356,1
15:52:40	0.27237,2.792883,0.042647,33.927234,1
15:52:40	0.26017,2.798093,0.041680,33.158248,1
15:52:40	0.25216,2.803222,0.041033,32.643756,1
15:52:40	0.24529,2.808281,0.040471,32.196220,1
15:52:40	0.23117,2.813153,0.039289,31.256166,1
15:52:40	0.21820,2.817924,0.038171,30.366687,1
15:52:40	0.17739,2.822192,0.034416,27.379522,1
15:52:40	0.02976,2.823940,0.014096,11.213644,1
15:52:41	-0.15450,2.823940,0.014096,11.213644,1
15:52:41	-0.19646,2.823940,0.014096,11.213644,1
15:52:41	-0.19913,2.823940,0.014096,11.213644,1
15:52:41	-0.18845,2.823940,0.014096,11.213644,1
15:52:41	-0.17205,2.823940,0.014096,11.213644,1
15:52:41	-0.16670,2.823940,0.014096,11.213644,1
15:52:41	-0.15526,2.823940,0.014096,11.213644,1
15:52:41	-0.12474,2.823940,0.014096,11.213644,1
15:52:42	-0.08621,2.823940,0.014096,11.213644,1
15:52:42	0.02785,2.825644,0.013636,10.848278,1
15:52:42	0.24949,2.830705,0.040815,32.470447,1
15:52:42	0.30365,2.836289,0.045029,35.822502,1
15:52:42	0.29870,2.841872,0.044660,35.528778,1
15:52:42	0.28534,2.847328,0.043650,34.725635,1
15:52:42	0.28534,2.852740,0.043650,34.725635,1
15:52:42	0.26017,2.857950,0.041680,33.158248,1
15:52:43	0.25406,2.863099,0.041188,32.766986,1
15:52:43	0.24529,2.868157,0.040471,32.196220,1
15:52:43	0.23308,2.873049,0.039451,31.384847,1
15:52:43	0.23232,2.877973,0.039386,31.333436,1
15:52:43	0.23728,2.882948,0.039804,31.666101,1
15:52:43	0.20867,2.887577,0.037327,29.695667,1
15:52:43	-0.01297,2.887577,0.037327,29.695667,1
15:52:43	-0.24605,2.887577,0.037327,29.695667,1
15:52:44	-0.24605,2.887577,0.037327,29.695667,1
15:52:44	-0.24262,2.887577,0.037327,29.695667,1
15:52:44	-0.25559,2.887577,0.037327,29.695667,1
15:52:44	-0.26093,2.887577,0.037327,29.695667,1
15:52:44	-0.25559,2.887577,0.037327,29.695667,1
15:52:44	-0.17548,2.887577,0.037327,29.695667,1
15:52:44	-0.16480,2.887577,0.037327,29.695667,1
15:52:44	-0.10491,2.887577,0.037327,29.695667,1
15:52:45	0.12589,2.891172,0.028993,23.065155,1
15:52:45	0.27504,2.896529,0.042855,34.093143,1
15:52:45	0.28725,2.902003,0.043796,34.841503,1
15:52:45	0.27504,2.907317,0.042855,34.093143,1
15:52:45	0.26627,2.912546,0.042166,33.544944,1
15:52:45	0.24796,2.917632,0.040690,32.370998,1
15:52:45	0.23384,2.922571,0.039515,31.436170,1
15:52:45	0.23041,2.927435,0.039224,31.204547,1
15:52:46	0.23384,2.932374,0.039515,31.436170,1
15:52:46	0.22889,2.937261,0.039094,31.101049,1
15:52:46	0.18769,2.941686,0.035401,28.163196,1
15:52:46	0.09270,2.944771,0.024879,19.792585,1
15:52:46	-0.10376,2.944771,0.024879,19.792585,1
15:52:46	-0.17014,2.944771,0.024879,19.792585,1
15:52:46	-0.18578,2.944771,0.024879,19.792585,1
15:52:46	-0.19188,2.944771,0.024879,19.792585,1
15:52:47	-0.17205,2.944771,0.024879,19.792585,1
15:52:47	-0.16480,2.944771,0.024879,19.792585,1
15:52:47	-0.15793,2.944771,0.024879,19.792585,1
15:52:47	-0.15106,2.944771,0.024879,19.792585,1
15:52:47	-0.11177,2.944771,0.024879,19.792585,1
15:52:47	-0.02098,2.944771,0.024879,19.792585,1
15:52:47	0.22774,2.949607,0.038996,31.023200,1
15:52:47	0.27237,2.954938,0.042647,33.927234,1
15:52:48	0.26970,2.960243,0.042437,33.760520,1
15:52:48	0.27428,2.965549,0.042796,34.045822,1
15:52:48	0.26894,2.970846,0.042377,33.712734,1
15:52:48	0.24262,2.975877,0.040250,32.020488,1
15:52:48	0.24109,2.980853,0.040123,31.919637,1
15:52:48	0.23499,2.985765,0.039612,31.513004,1
15:52:48	0.22622,2.990623,0.038865,30.919094,1
15:52:48	0.20867,2.995289,0.037327,29.695667,1
15:52:49	0.20333,2.999858,0.036847,29.313184,1
15:52:49	0.18845,3.004292,0.035473,28.220382,1
15:52:49	0.15908,3.008366,0.032591,25.927907,1
15:52:49	0.01297,3.009520,0.009306,7.403531,1
15:52:49	-0.13161,3.009520,0.009306,7.403531,1
15:52:49	-0.15373,3.009520,0.009306,7.403531,1
15:52:49	-0.15984,3.009520,0.009306,7.403531,1
15:52:49	-0.15793,3.009520,0.009306,7.403531,1
15:52:50	-0.17205,3.009520,0.009306,7.403531,1
15:52:50	-0.16060,3.009520,0.009306,7.403531,1
15:52:50	-0.15717,3.009520,0.009306,7.403531,1
15:52:50	-0.14153,3.009520,0.009306,7.403531,1
15:52:50	-0.12551,3.009520,0.009306,7.403531,1
15:52:50	-0.11254,3.009520,0.009306,7.403531,1
15:52:50	0.03662,3.011475,0.015638,12.440419,1
15:52:50	0.23995,3.016438,0.040028,31.843786,1
15:52:51	0.27161,3.021761,0.042587,33.879684,1
15:52:51	0.25673,3.026937,0.041404,32.938735,1
15:52:51	0.25940,3.032139,0.041619,33.109596,1
15:52:51	0.25750,3.037281,0.041465,32.987644,1
15:52:51	0.24872,3.042334,0.040753,32.420761,1
15:52:51	0.24529,3.047393,0.040471,32.196220,1
15:52:51	0.24186,3.052376,0.040186,31.970102,1
15:52:51	0.22431,3.057214,0.038701,30.788469,1
15:52:52	0.22507,3.062060,0.038767,30.840782,1
15:52:52	0.24186,3.067083,0.040186,31.970102,1
15:52:52	0.22087,3.071845,0.038404,30.551931,1
15:52:52	0.18769,3.076270,0.035401,28.163196,1
15:52:52	0.15717,3.080320,0.032395,25.771993,1
15:52:52	0.10643,3.083626,0.026659,21.208087,1
15:52:52	-0.08812,3.083626,0.026659,21.208087,1
15:52:52	-0.18692,3.083626,0.026659,21.208087,1
15:52:53	-0.18311,3.083626,0.026659,21.208087,1
15:52:53	-0.17014,3.083626,0.026659,21.208087,1
15:52:53	-0.16136,3.083626,0.026659,21.208087,1
15:52:53	-0.16327,3.083626,0.026659,21.208087,1
15:52:53	-0.14305,3.083626,0.026659,21.208087,1
15:52:53	-0.14153,3.083626,0.026659,21.208087,1
15:52:53	-0.11101,3.083626,0.026659,21.208087,1
15:52:53	-0.10376,3.083626,0.026659,21.208087,1
15:52:54	-0.10986,3.083626,0.026659,21.208087,1
15:52:54	-0.11177,3.083626,0.026659,21.208087,1
15:52:54	-0.04463,3.083626,0.026659,21.208087,1
15:52:54	0.11788,3.087132,0.028055,22.319200,1
15:52:54	0.25216,3.092262,0.041033,32.643756,1
15:52:54	0.27581,3.097540,0.042914,34.140396,1
15:52:54	0.27047,3.102852,0.042497,33.808235,1
15:52:54	0.25940,3.108055,0.041619,33.109596,1
15:52:55	0.25750,3.113196,0.041465,32.987644,1
15:52:55	0.24949,3.118298,0.040815,32.470447,1
15:52:55	0.25139,3.123420,0.040971,32.594333,1
15:52:55	0.23842,3.128367,0.039900,31.742374,1
15:52:55	0.23499,3.133319,0.039612,31.513004,1
15:52:55	0.23117,3.138230,0.039289,31.256166,1
15:52:55	0.22965,3.143125,0.039159,31.152841,1
15:52:55	0.22507,3.147932,0.038767,30.840782,1
15:52:56	0.22431,3.152770,0.038701,30.788469,1
15:52:56	0.18959,3.157182,0.035581,28.305940,1
15:52:56	0.03738,3.159141,0.015800,12.569338,1
15:52:56	-0.14229,3.159141,0.015800,12.569338,1
15:52:56	-0.18921,3.159141,0.015800,12.569338,1
15:52:56	-0.19303,3.159141,0.015800,12.569338,1
15:52:56	-0.18158,3.159141,0.015800,12.569338,1
15:52:56	-0.15869,3.159141,0.015800,12.569338,1
15:52:57	-0.17090,3.159141,0.015800,12.569338,1
15:52:57	-0.15450,3.159141,0.015800,12.569338,1
15:52:57	-0.16480,3.159141,0.015800,12.569338,1
15:52:57	-0.14229,3.159141,0.015800,12.569338,1
15:52:57	-0.10300,3.159141,0.015800,12.569338,1
15:52:57	0.06561,3.161715,0.020931,16.651893,1
15:52:57	0.22965,3.166610,0.039159,31.152841,1
15:52:57	0.26818,3.171900,0.042317,33.664878,1
15:52:58	0.27428,3.177249,0.042796,34.045822,1
15:52:58	0.28992,3.182705,0.043999,35.003070,1
15:52:58	0.29068,3.188212,0.044057,35.049098,1
15:52:58	0.27047,3.193525,0.042497,33.808235,1
15:52:58	0.24796,3.198570,0.040690,32.370998,1
15:52:58	0.25597,3.203738,0.041342,32.889755,1
15:52:58	0.24109,3.208753,0.040123,31.919637,1
15:52:58	0.23995,3.213717,0.040028,31.843786,1
15:52:59	0.21286,3.218429,0.037701,29.992765,1
15:52:59	0.15297,3.222424,0.031960,25.425624,1
15:52:59	-0.00534,3.222424,0.031960,25.425624,1
15:52:59	-0.14153,3.222424,0.031960,25.425624,1
15:52:59	-0.17891,3.222424,0.031960,25.425624,1
15:52:59	-0.19036,3.222424,0.031960,25.425624,1
15:52:59	-0.17967,3.222424,0.031960,25.425624,1
15:52:59	-0.17700,3.222424,0.031960,25.425624,1
15:53:00	-0.15869,3.222424,0.031960,25.425624,1
15:53:00	-0.13428,3.222424,0.031960,25.425624,1
15:53:00	-0.14763,3.222424,0.031960,25.425624,1
15:53:00	-0.12207,3.222424,0.031960,25.425624,1
15:53:00	-0.07172,3.222424,0.031960,25.425624,1
15:53:00	0.13542,3.226183,0.030071,23.922885,1
15:53:00	0.28725,3.231570,0.043796,34.841503,1
15:53:00	0.30289,3.237191,0.044972,35.777469,1
15:53:01	0.28267,3.242622,0.043445,34.562767,1
15:53:01	0.27657,3.247951,0.042974,34.187583,1
15:53:01	0.27047,3.253263,0.042497,33.808235,1
15:53:01	0.26436,3.258515,0.042015,33.424583,1
15:53:01	0.25483,3.263630,0.041250,32.816150,1
15:53:01	0.23919,3.268625,0.039964,31.793121,1
15:53:01	0.22011,3.273418,0.038337,30.499120,1
15:53:01	0.19188,3.277892,0.035795,28.476287,1
15:53:02	-0.02976,3.277892,0.035795,28.476287,1
15:53:02	-0.16060,3.277892,0.035795,28.476287,1
15:53:02	-0.17967,3.277892,0.035795,28.476287,1
15:53:02	-0.17548,3.277892,0.035795,28.476287,1
15:53:02	-0.16861,3.277892,0.035795,28.476287,1
15:53:02	-0.17014,3.277892,0.035795,28.476287,1
15:53:02	-0.15373,3.277892,0.035795,28.476287,1
15:53:02	-0.15183,3.277892,0.035795,28.476287,1
15:53:03	-0.12398,3.277892,0.035795,28.476287,1
15:53:03	-0.12665,3.277892,0.035795,28.476287,1
15:53:03	-0.08812,3.277892,0.035795,28.476287,1
15:53:03	0.06104,3.280395,0.020188,16.060512,1
15:53:03	0.27924,3.285793,0.043181,34.352230,1
15:53:03	0.30900,3.291471,0.045423,36.136150,1
15:53:03	0.29488,3.296973,0.044374,35.301174,1
15:53:03	0.28649,3.302397,0.043738,34.795204,1
15:53:04	0.27848,3.307787,0.043122,34.305271,1
15:53:04	0.27314,3.313125,0.042706,33.974723,1
15:53:04	0.28267,3.318512,0.043445,34.562767,1
15:53:04	0.25940,3.323715,0.041619,33.109596,1
15:53:04	0.25483,3.328871,0.041250,32.816150,1
15:53:04	0.23728,3.333807,0.039804,31.666101,1
15:53:04	0.25139,3.338928,0.040971,32.594333,1
15:53:04	0.24605,3.343995,0.040534,32.246253,1
15:53:05	0.21744,3.348720,0.038104,30.313552,1
15:53:05	0.20790,3.353377,0.037259,29.641328,1
15:53:05	0.19989,3.357944,0.036534,29.064645,1
15:53:05	0.17014,3.362157,0.033706,26.814321,1
15:53:05	0.12131,3.365658,0.028461,22.641904,1
15:53:05	0.02289,3.367203,0.012363,9.835016,1
15:53:05	0.01144,3.368296,0.008742,6.954406,1
15:53:05	0.00954,3.369285,0.007980,6.348474,1
15:53:06	0.01068,3.370341,0.008445,6.718594,1
15:53:06	0.01068,3.371397,0.008445,6.718594,1
15:53:06	0.01297,3.372551,0.009306,7.403531,1
15:53:06	0.00954,3.373548,0.007980,6.348474,1
15:53:06	0.00954,3.374546,0.007980,6.348474,1
15:53:06	0.01068,3.375593,0.008445,6.718594,1
15:53:06	0.01221,3.376721,0.009028,7.182479,1
15:53:06	0.01144,3.377814,0.008742,6.954406,1
15:53:07	0.00801,3.378714,0.007314,5.818473,1
15:53:07	0.01144,3.379806,0.008742,6.954406,1
15:53:07	0.01144,3.380899,0.008742,6.954406,1
15:53:07	0.01068,3.381946,0.008445,6.718594,1
15:53:07	0.00343,3.382544,0.004788,3.809085,1
15:53:07	0.01221,3.383673,0.009028,7.182479,1
15:53:07	0.01297,3.384827,0.009306,7.403531,1
15:53:08	0.01144,3.385920,0.008742,6.954406,1
15:53:08	0.01488,3.387166,0.009967,7.929243,1
15:53:08	0.01068,3.388213,0.008445,6.718594,1
15:53:08	0.01068,3.389268,0.008445,6.718594,1
15:53:08	0.01144,3.390361,0.008742,6.954406,1
15:53:08	0.00458,3.391041,0.005529,4.398352,1