15:44:26	0.00877,0.106445,0.004086,6.089243,0
15:44:27	0.01068,0.107008,0.004508,6.718595,0
15:44:27	0.00801,0.107496,0.003904,5.818473,0
15:44:27	0.00610,0.107919,0.003408,5.078780,0
15:44:27	0.00877,0.108430,0.004086,6.089243,0
15:44:27	0.00877,0.108936,0.004086,6.089243,0
15:44:27	0.00801,0.109424,0.003904,5.818473,0
15:44:27	0.00687,0.109876,0.003615,5.386860,0
15:44:27	0.01144,0.110455,0.004666,6.954406,0
15:44:28	0.01068,0.111018,0.004508,6.718595,0
15:44:28	0.00877,0.111529,0.004086,6.089243,0
15:44:28	0.00534,0.111924,0.003188,4.750764,0
15:44:28	0.00954,0.112452,0.004260,6.348474,0
15:44:28	0.00877,0.112963,0.004086,6.089243,0
15:44:28	0.01068,0.113522,0.004508,6.718595,0
15:44:28	0.00610,0.113948,0.003408,5.078780,0
15:44:28	0.00877,0.114459,0.004086,6.089243,0
15:44:29	0.00954,0.114987,0.004260,6.348474,0
15:44:29	0.00687,0.115439,0.003615,5.386860,0
15:44:29	0.00877,0.115946,0.004086,6.089243,0
15:44:29	0.01144,0.116529,0.004666,6.954406,0
15:44:29	0.00954,0.117061,0.004260,6.348474,0
15:44:29	0.00801,0.117546,0.003904,5.818473,0
15:44:29	0.00954,0.118078,0.004260,6.348474,0
15:44:29	0.01297,0.118694,0.004968,7.403531,0
15:44:30	0.00687,0.119142,0.003615,5.386860,0
15:44:30	0.01297,0.119763,0.004968,7.403531,0
15:44:30	0.01068,0.120327,0.004508,6.718595,0
15:44:30	0.00687,0.120775,0.003615,5.386860,0
15:44:30	0.01068,0.121338,0.004508,6.718595,0
15:44:30	0.01221,0.121941,0.004819,7.182479,0
15:44:30	0.00687,0.122389,0.003615,5.386860,0
15:44:30	0.00877,0.122900,0.004086,6.089243,0
15:44:31	0.00877,0.123411,0.004086,6.089243,0
15:44:31	0.01144,0.123989,0.004666,6.954406,0
15:44:31	0.01144,0.124573,0.004666,6.954406,0
15:44:31	0.00534,0.124968,0.003188,4.750764,0
15:44:31	0.00954,0.125496,0.004260,6.348474,0
15:44:31	0.00801,0.125984,0.003904,5.818473,0
15:44:31	0.00877,0.126491,0.004086,6.089243,0
15:44:31	0.00954,0.127023,0.004260,6.348474,0
15:44:32	0.01144,0.127606,0.004666,6.954406,1
15:44:32	0.01488,0.128266,0.005321,7.929243,1
15:44:32	0.01144,0.128850,0.004666,6.954406,1
15:44:32	0.00877,0.129360,0.004086,6.089243,1
15:44:32	0.00877,0.129867,0.004086,6.089243,1
15:44:32	0.02441,0.130719,0.006816,10.157561,1
15:44:32	0.21286,0.133235,0.020125,29.992765,1
15:44:32	0.29259,0.136160,0.023595,35.163902,1
15:44:33	0.31090,0.139176,0.024322,36.247512,1
15:44:33	0.34600,0.142384,0.025658,38.238693,1
15:44:33	0.33074,0.145494,0.025086,37.385993,1
15:44:33	0.30632,0.148512,0.024142,35.979667,1
15:44:33	0.32654,0.151628,0.024926,37.148071,1
15:44:33	0.33532,0.154760,0.025259,37.643836,1
15:44:33	0.33074,0.157896,0.025086,37.385993,1
15:44:33	0.31243,0.160943,0.024382,36.336353,1
15:44:34	0.28267,0.163842,0.023192,34.562767,1
15:44:34	0.28382,0.166724,0.023239,34.632659,1
15:44:34	0.26703,0.169541,0.022541,33.592971,1
15:44:34	0.25216,0.172279,0.021904,32.643756,1
15:44:34	0.20790,0.174746,0.019889,29.641326,1
15:44:34	0.16251,0.176926,0.017584,26.206211,1
15:44:34	0.02022,0.177702,0.006202,9.243519,1
15:44:34	-0.09689,0.177702,0.006202,9.243519,1
15:44:35	-0.21286,0.177702,0.006202,9.243519,1
15:44:35	-0.26627,0.177702,0.006202,9.243519,1
15:44:35	-0.23728,0.177702,0.006202,9.243519,1
15:44:35	-0.20523,0.177702,0.006202,9.243519,1
15:44:35	-0.19799,0.177702,0.006202,9.243519,1
15:44:35	-0.19646,0.177702,0.006202,9.243519,1
15:44:35	-0.20333,0.177702,0.006202,9.243519,1
15:44:35	-0.20676,0.177702,0.006202,9.243519,1
15:44:36	-0.18082,0.177702,0.006202,9.243519,1
15:44:36	-0.17891,0.177702,0.006202,9.243519,1
15:44:36	-0.16861,0.177702,0.006202,9.243519,1
15:44:36	-0.14839,0.177702,0.006202,9.243519,1
15:44:36	-0.12665,0.177702,0.006202,9.243519,1
15:44:36	0.03662,0.178737,0.008348,12.440421,1
15:44:36	0.28191,0.181632,0.023160,34.516090,1
15:44:36	0.36202,0.184912,0.026246,39.114025,1
15:44:37	0.37079,0.188206,0.026562,39.585170,1
15:44:37	0.35401,0.191450,0.025953,38.678833,1
15:44:37	0.33913,0.194625,0.025402,37.857357,1
15:44:37	0.34180,0.197788,0.025502,38.006111,1
15:44:37	0.35058,0.201016,0.025827,38.490818,1
15:44:37	0.32311,0.204091,0.024795,36.952270,1
15:44:37	0.36011,0.207337,0.026176,39.010848,1
15:44:37	0.33989,0.210515,0.025431,37.899913,1
15:44:38	0.32921,0.213644,0.025028,37.299655,1
15:44:38	0.30976,0.216679,0.024277,36.180736,1
15:44:38	0.33074,0.219789,0.025086,37.385993,1
15:44:38	0.31777,0.222863,0.024589,36.645606,1
15:44:38	0.27657,0.225730,0.022940,34.187583,1
15:44:38	0.26970,0.228539,0.022653,33.760520,1
15:44:38	0.23499,0.231183,0.021145,31.513002,1
15:44:38	0.15717,0.233344,0.017293,25.771995,1
15:44:39	0.00343,0.233661,0.002556,3.809085,1
15:44:39	-0.10109,0.233661,0.002556,3.809085,1
15:44:39	-0.15793,0.233661,0.002556,3.809085,1
15:44:39	-0.22087,0.233661,0.002556,3.809085,1
15:44:39	-0.23728,0.233661,0.002556,3.809085,1
15:44:39	-0.24796,0.233661,0.002556,3.809085,1
15:44:39	-0.23384,0.233661,0.002556,3.809085,1
15:44:39	-0.23995,0.233661,0.002556,3.809085,1
15:44:40	-0.24453,0.233661,0.002556,3.809085,1
15:44:40	-0.23919,0.233661,0.002556,3.809085,1
15:44:40	-0.23232,0.233661,0.002556,3.809085,1
15:44:40	-0.21820,0.233661,0.002556,3.809085,1
15:44:40	-0.20066,0.233661,0.002556,3.809085,1
15:44:40	-0.21134,0.233661,0.002556,3.809085,1
15:44:40	-0.19989,0.233661,0.002556,3.809085,1
15:44:40	-0.18578,0.233661,0.002556,3.809085,1
15:44:41	-0.14839,0.233661,0.002556,3.809085,1
15:44:41	-0.09346,0.233661,0.002556,3.809085,1
15:44:41	0.01144,0.234240,0.004666,6.954406,1
15:44:41	0.24262,0.236925,0.021486,32.020488,1
15:44:41	0.34524,0.240129,0.025630,38.196510,1
15:44:41	0.32807,0.243227,0.024985,37.234767,1
15:44:41	0.33989,0.246406,0.025431,37.899913,1
15:44:41	0.31701,0.249476,0.024560,36.601585,1
15:44:42	0.32807,0.252574,0.024985,37.234767,1
15:44:42	0.30213,0.255571,0.023976,35.732383,1
15:44:42	0.28725,0.258470,0.023379,34.841503,1
15:44:42	0.26551,0.261257,0.022476,33.496856,1
15:44:42	0.25673,0.264020,0.022102,32.938735,1
15:44:42	0.30289,0.267021,0.024007,35.777469,1
15:44:42	0.28992,0.269957,0.023487,35.003070,1
15:44:42	0.26284,0.272730,0.022363,33.327983,1
15:44:43	0.29335,0.275683,0.023626,35.209720,1
15:44:43	0.27314,0.278533,0.022797,33.974723,1
15:44:43	0.24796,0.281226,0.021721,32.370998,1
15:44:43	0.26207,0.284017,0.022331,33.279575,1
15:44:43	0.27237,0.286863,0.022765,33.927234,1
15:44:43	0.27924,0.289721,0.023050,34.352230,1
15:44:43	0.24796,0.292415,0.021721,32.370998,1
15:44:43	0.22698,0.295012,0.020782,30.971189,1
15:44:44	0.21401,0.297535,0.020179,30.073280,1
15:44:44	0.11864,0.299398,0.015025,22.391315,1
15:44:44	-0.07057,0.299398,0.015025,22.391315,1
15:44:44	-0.12055,0.299398,0.015025,22.391315,1
15:44:44	-0.17205,0.299398,0.015025,22.391315,1
15:44:44	-0.16747,0.299398,0.015025,22.391315,1
15:44:44	-0.18692,0.299398,0.015025,22.391315,1
15:44:44	-0.20066,0.299398,0.015025,22.391315,1
15:44:45	-0.20790,0.299398,0.015025,22.391315,1
15:44:45	-0.20333,0.299398,0.015025,22.391315,1
15:44:45	-0.20333,0.299398,0.015025,22.391315,1
15:44:45	-0.20523,0.299398,0.015025,22.391315,1
15:44:45	-0.18235,0.299398,0.015025,22.391315,1
15:44:45	-0.17700,0.299398,0.015025,22.391315,1
15:44:45	-0.18921,0.299398,0.015025,22.391315,1
15:44:45	-0.18235,0.299398,0.015025,22.391315,1
15:44:46	-0.14839,0.299398,0.015025,22.391315,1
15:44:46	-0.11864,0.299398,0.015025,22.391315,1
15:44:46	-0.12207,0.299398,0.015025,22.391315,1
15:44:46	-0.06294,0.299398,0.015025,22.391315,1
15:44:46	0.14916,0.301504,0.016847,25.106592,1
15:44:46	0.30289,0.304480,0.024007,35.777469,1
15:44:46	0.32197,0.307574,0.024751,36.886768,1
15:44:46	0.35935,0.310817,0.026149,38.969501,1
15:44:47	0.36545,0.314087,0.026370,39.299057,1
15:44:47	0.32120,0.317177,0.024722,36.843036,1
15:44:47	0.29755,0.320151,0.023794,35.460647,1
15:44:47	0.29488,0.323088,0.023687,35.301174,1
15:44:47	0.28191,0.325983,0.023160,34.516090,1
15:44:47	0.28801,0.328909,0.023410,34.887744,1
15:44:47	0.28725,0.331832,0.023379,34.841503,1
15:44:47	0.25673,0.334572,0.022102,32.938735,1
15:44:48	0.30213,0.337569,0.023976,35.732383,1
15:44:48	0.28115,0.340461,0.023129,34.469356,1
15:44:48	0.30976,0.343471,0.024277,36.180736,1
15:44:48	0.32578,0.346558,0.024897,37.104652,1
15:44:48	0.27047,0.349394,0.022685,33.808235,1
15:44:48	0.27771,0.352244,0.022987,34.258243,1
15:44:48	0.30137,0.355237,0.023946,35.687236,1
15:44:48	0.25673,0.358000,0.022102,32.938735,1
15:44:49	0.25139,0.360734,0.021871,32.594333,1
15:44:49	0.25216,0.363450,0.021904,32.643756,1
15:44:49	0.26284,0.366246,0.022363,33.327983,1
15:44:49	0.20066,0.368688,0.019540,29.120059,1
15:44:49	0.05150,0.369915,0.009899,14.752522,1
15:44:49	-0.13275,0.369915,0.009899,14.752522,1
15:44:49	-0.22240,0.369915,0.009899,14.752522,1
15:44:49	-0.23995,0.369915,0.009899,14.752522,1
15:44:50	-0.25330,0.369915,0.009899,14.752522,1
15:44:50	-0.25330,0.369915,0.009899,14.752522,1
15:44:50	-0.24453,0.369915,0.009899,14.752522,1
15:44:50	-0.23232,0.369915,0.009899,14.752522,1
15:44:50	-0.22240,0.369915,0.009899,14.752522,1
15:44:50	-0.22087,0.369915,0.009899,14.752522,1
15:44:50	-0.23995,0.369915,0.009899,14.752522,1
15:44:50	-0.23651,0.369915,0.009899,14.752522,1
15:44:51	-0.22164,0.369915,0.009899,14.752522,1
15:44:51	-0.23232,0.369915,0.009899,14.752522,1
15:44:51	-0.17700,0.369915,0.009899,14.752522,1
15:44:51	-0.16670,0.369915,0.009899,14.752522,1
15:44:51	-0.14038,0.369915,0.009899,14.752522,1
15:44:51	-0.04883,0.369915,0.009899,14.752522,1
15:44:51	0.16594,0.372137,0.017769,26.481588,1
15:44:51	0.36698,0.375440,0.026425,39.381015,1
15:44:52	0.35668,0.378670,0.026051,38.824440,1
15:44:52	0.35477,0.381918,0.025981,38.720493,1
15:44:52	0.36355,0.385205,0.026301,39.196369,1
15:44:52	0.36278,0.388489,0.026273,39.155220,1
15:44:52	0.34981,0.391689,0.025799,38.448913,1
15:44:52	0.32311,0.394788,0.024795,36.952270,1
15:44:52	0.31357,0.397841,0.024426,36.402843,1
15:44:52	0.31434,0.400874,0.024456,36.447101,1
15:44:53	0.30480,0.403860,0.024082,35.889945,1
15:44:53	0.28038,0.406747,0.023098,34.422554,1
15:44:53	0.30900,0.409754,0.024247,36.136150,1
15:44:53	0.26017,0.412535,0.022249,33.158248,1
15:44:53	0.26207,0.415326,0.022331,33.279575,1
15:44:53	0.29603,0.418293,0.023733,35.369609,1
15:44:53	0.28458,0.421178,0.023270,34.679180,1
15:44:53	0.27237,0.424024,0.022765,33.927234,1
15:44:54	0.29946,0.427008,0.023870,35.574127,1
15:44:54	0.23232,0.429615,0.021025,31.333436,1
15:44:54	0.17967,0.431926,0.018490,27.555597,1
15:44:54	0.09957,0.433647,0.013764,20.512548,1
15:44:54	-0.03243,0.433647,0.013764,20.512548,1
15:44:54	-0.14382,0.433647,0.013764,20.512548,1
15:44:54	-0.20066,0.433647,0.013764,20.512548,1
15:44:54	-0.21134,0.433647,0.013764,20.512548,1
15:44:55	-0.23232,0.433647,0.013764,20.512548,1
15:44:55	-0.25826,0.433647,0.013764,20.512548,1
15:44:55	-0.25406,0.433647,0.013764,20.512548,1
15:44:55	-0.25063,0.433647,0.013764,20.512548,1
15:44:55	-0.27161,0.433647,0.013764,20.512548,1
15:44:55	-0.26970,0.433647,0.013764,20.512548,1
15:44:55	-0.25559,0.433647,0.013764,20.512548,1
15:44:55	-0.24681,0.433647,0.013764,20.512548,1
15:44:56	-0.26780,0.433647,0.013764,20.512548,1
15:44:56	-0.25673,0.433647,0.013764,20.512548,1
15:44:56	-0.25139,0.433647,0.013764,20.512548,1
15:44:56	-0.23384,0.433647,0.013764,20.512548,1
15:44:56	-0.18578,0.433647,0.013764,20.512548,1
15:44:56	-0.15450,0.433647,0.013764,20.512548,1
15:44:56	-0.06104,0.433647,0.013764,20.512548,1
15:44:56	0.21286,0.436162,0.020125,29.992765,1
15:44:57	0.35668,0.439393,0.026051,38.824440,1
15:44:57	0.37232,0.442720,0.026616,39.666538,1
15:44:57	0.36698,0.446023,0.026425,39.381015,1
15:44:57	0.36965,0.449338,0.026521,39.524036,1
15:44:57	0.33608,0.452474,0.025288,37.686637,1
15:44:57	0.32387,0.455552,0.024824,36.995872,1
15:44:57	0.30556,0.458566,0.024112,35.934833,1
15:44:57	0.31586,0.461606,0.024515,36.535461,1
15:44:58	0.30556,0.464620,0.024112,35.934833,1
15:44:58	0.29870,0.467600,0.023840,35.528778,1
15:44:58	0.27657,0.470444,0.022940,34.187583,1
15:44:58	0.27047,0.473280,0.022685,33.808235,1
15:44:58	0.29068,0.476220,0.023518,35.049098,1
15:44:58	0.24949,0.478943,0.021788,32.470447,1
15:44:58	0.20066,0.481366,0.019540,29.120059,1
15:44:58	0.18425,0.483706,0.018724,27.904417,1
15:44:59	0.04807,0.484902,0.009563,14.252291,1
15:44:59	-0.04082,0.484902,0.009563,14.252291,1
15:44:59	-0.12932,0.484902,0.009563,14.252291,1
15:44:59	-0.19989,0.484902,0.009563,14.252291,1
15:44:59	-0.21286,0.484902,0.009563,14.252291,1
15:44:59	-0.23461,0.484902,0.009563,14.252291,1
15:44:59	-0.23995,0.484902,0.009563,14.252291,1
15:44:59	-0.27161,0.484902,0.009563,14.252291,1
15:45:00	-0.27314,0.484902,0.009563,14.252291,1
15:45:00	-0.27237,0.484902,0.009563,14.252291,1
15:45:00	-0.25139,0.484902,0.009563,14.252291,1
15:45:00	-0.26360,0.484902,0.009563,14.252291,1
15:45:00	-0.23461,0.484902,0.009563,14.252291,1
15:45:00	-0.25483,0.484902,0.009563,14.252291,1
15:45:00	-0.22011,0.484902,0.009563,14.252291,1
15:45:00	-0.19379,0.484902,0.009563,14.252291,1
15:45:01	-0.13619,0.484902,0.009563,14.252291,1
15:45:01	-0.12131,0.484902,0.009563,14.252291,1
15:45:01	-0.04005,0.484902,0.009563,14.252291,1
15:45:01	-0.02518,0.484902,0.009563,14.252291,1
15:45:01	0.10033,0.486615,0.013817,20.590991,1
15:45:01	0.19913,0.489048,0.019465,29.009124,1
15:45:01	0.23995,0.491719,0.021367,31.843788,1
15:45:01	0.28458,0.494605,0.023270,34.679180,1
15:45:02	0.27428,0.497460,0.022845,34.045822,1
15:45:02	0.23995,0.500131,0.021367,31.843788,1
15:45:02	0.25826,0.502858,0.022167,33.036476,1
15:45:02	0.26093,0.505643,0.022282,33.206832,1
15:45:02	0.23651,0.508295,0.021214,31.615152,1
15:45:02	0.21820,0.510842,0.020376,30.366685,1
15:45:02	0.22889,0.513429,0.020869,31.101049,1
15:45:02	0.23308,0.516062,0.021059,31.384847,1
15:45:03	0.23995,0.518733,0.021367,31.843788,1
15:45:03	0.23575,0.521359,0.021180,31.564115,1
15:45:03	0.20180,0.523808,0.019595,29.202987,1
15:45:03	0.23041,0.526425,0.020938,31.204547,1
15:45:03	0.25406,0.529152,0.021987,32.766986,1
15:45:03	0.25406,0.531900,0.021987,32.766986,1
15:45:03	0.23575,0.534548,0.021180,31.564115,1
15:45:03	0.21668,0.537065,0.020305,30.260322,1
15:45:04	0.17548,0.539331,0.018273,27.231925,1
15:45:04	0.03395,0.540336,0.008037,11.978279,1
15:45:04	-0.06104,0.540336,0.008037,11.978279,1
15:45:04	-0.15373,0.540336,0.008037,11.978279,1
15:45:04	-0.21019,0.540336,0.008037,11.978279,1
15:45:04	-0.25673,0.540336,0.008037,11.978279,1
15:45:04	-0.24262,0.540336,0.008037,11.978279,1
15:45:04	-0.26093,0.540336,0.008037,11.978279,1
15:45:05	-0.24186,0.540336,0.008037,11.978279,1
15:45:05	-0.25063,0.540336,0.008037,11.978279,1
15:45:05	-0.23117,0.540336,0.008037,11.978279,1
15:45:05	-0.22774,0.540336,0.008037,11.978279,1
15:45:05	-0.24262,0.540336,0.008037,11.978279,1
15:45:05	-0.24262,0.540336,0.008037,11.978279,1
15:45:05	-0.25406,0.540336,0.008037,11.978279,1
15:45:05	-0.23041,0.540336,0.008037,11.978279,1
15:45:06	-0.20256,0.540336,0.008037,11.978279,1
15:45:06	-0.19799,0.540336,0.008037,11.978279,1
15:45:06	-0.15984,0.540336,0.008037,11.978279,1
15:45:06	-0.01297,0.540336,0.008037,11.978279,1
15:45:06	0.18425,0.542676,0.018724,27.904417,1
15:45:06	0.29679,0.545647,0.023764,35.415157,1
15:45:06	0.31586,0.548687,0.024515,36.535461,1
15:45:06	0.29755,0.551637,0.023794,35.460647,1
15:45:07	0.30022,0.554625,0.023901,35.619415,1
15:45:07	0.31968,0.557683,0.024663,36.755420,1
15:45:07	0.31167,0.560727,0.024352,36.291961,1
15:45:07	0.29870,0.563707,0.023840,35.528778,1
15:45:07	0.27047,0.566543,0.022685,33.808235,1
15:45:07	0.27657,0.569387,0.022940,34.187583,1
15:45:07	0.27237,0.572233,0.022765,33.927234,1
15:45:07	0.23919,0.574899,0.021333,31.793121,1
15:45:08	0.22774,0.577481,0.020817,31.023199,1
15:45:08	0.25139,0.580215,0.021871,32.594333,1
15:45:08	0.21820,0.582762,0.020376,30.366685,1
15:45:08	0.22431,0.585344,0.020659,30.788467,1
15:45:08	0.23499,0.587945,0.021145,31.513002,1
15:45:08	0.23499,0.590588,0.021145,31.513002,1
15:45:08	0.20447,0.593054,0.019724,29.395563,1
15:45:08	0.19989,0.595472,0.019502,29.064645,1
15:45:09	0.19379,0.597872,0.019202,28.617471,1
15:45:09	0.07935,0.599408,0.012287,18.311801,1
15:45:09	-0.04959,0.599408,0.012287,18.311801,1
15:45:09	-0.16480,0.599408,0.012287,18.311801,1
15:45:09	-0.18921,0.599408,0.012287,18.311801,1
15:45:09	-0.20600,0.599408,0.012287,18.311801,1
15:45:09	-0.22850,0.599408,0.012287,18.311801,1
15:45:09	-0.24262,0.599408,0.012287,18.311801,1
15:45:10	-0.25750,0.599408,0.012287,18.311801,1
15:45:10	-0.23041,0.599408,0.012287,18.311801,1
15:45:10	-0.24186,0.599408,0.012287,18.311801,1
15:45:10	-0.24186,0.599408,0.012287,18.311801,1
15:45:10	-0.23232,0.599408,0.012287,18.311801,1
15:45:10	-0.25826,0.599408,0.012287,18.311801,1
15:45:10	-0.25673,0.599408,0.012287,18.311801,1
15:45:10	-0.23461,0.599408,0.012287,18.311801,1
15:45:11	-0.23308,0.599408,0.012287,18.311801,1
15:45:11	-0.19722,0.599408,0.012287,18.311801,1
15:45:11	-0.18158,0.599408,0.012287,18.311801,1
15:45:11	-0.14763,0.599408,0.012287,18.311801,1
15:45:11	0.10300,0.601144,0.013999,20.863218,1
15:45:11	0.23232,0.603772,0.021025,31.333436,1
15:45:11	0.28801,0.606675,0.023410,34.887744,1
15:45:11	0.26284,0.609470,0.022363,33.327983,1
15:45:12	0.22774,0.612072,0.020817,31.023199,1
15:45:12	0.26551,0.614859,0.022476,33.496856,1
15:45:12	0.24872,0.617579,0.021754,32.420761,1
15:45:12	0.27161,0.620420,0.022733,33.879684,1
15:45:12	0.24186,0.623080,0.021452,31.970104,1
15:45:12	0.22507,0.625667,0.020694,30.840785,1
15:45:12	0.25063,0.628397,0.021838,32.544834,1
15:45:12	0.25063,0.631126,0.021838,32.544834,1
15:45:13	0.23041,0.633723,0.020938,31.204547,1
15:45:13	0.20676,0.636182,0.019835,29.559631,1
15:45:13	0.22164,0.638749,0.020536,30.604654,1
15:45:13	0.23919,0.641395,0.021333,31.793121,1
15:45:13	0.22087,0.643957,0.020500,30.551933,1
15:45:13	0.19646,0.646374,0.019334,28.813966,1
15:45:13	0.17548,0.648640,0.018273,27.231925,1
15:45:13	0.19036,0.651019,0.019031,28.362836,1
15:45:14	0.15183,0.653143,0.016997,25.330337,1
15:45:14	0.04273,0.654270,0.009016,13.437190,1
15:45:14	-0.05341,0.654270,0.009016,13.437190,1
15:45:14	-0.14229,0.654270,0.009016,13.437190,1
15:45:14	-0.17090,0.654270,0.009016,13.437190,1
15:45:14	-0.22164,0.654270,0.009016,13.437190,1
15:45:14	-0.24949,0.654270,0.009016,13.437190,1
15:45:14	-0.22011,0.654270,0.009016,13.437190,1
15:45:15	-0.22431,0.654270,0.009016,13.437190,1
15:45:15	-0.21286,0.654270,0.009016,13.437190,1
15:45:15	-0.21553,0.654270,0.009016,13.437190,1
15:45:15	-0.20943,0.654270,0.009016,13.437190,1
15:45:15	-0.21019,0.654270,0.009016,13.437190,1
15:45:15	-0.23842,0.654270,0.009016,13.437190,1
15:45:15	-0.20256,0.654270,0.009016,13.437190,1
15:45:15	-0.23461,0.654270,0.009016,13.437190,1
15:45:16	-0.21134,0.654270,0.009016,13.437190,1
15:45:16	-0.18769,0.654270,0.009016,13.437190,1
15:45:16	-0.14496,0.654270,0.009016,13.437190,1
15:45:16	-0.02022,0.654270,0.009016,13.437190,1
15:45:16	0.17815,0.656553,0.018411,27.438341,1
15:45:16	0.24338,0.659243,0.021520,32.070796,1
15:45:16	0.26207,0.662035,0.022331,33.279575,1
15:45:16	0.28534,0.664947,0.023301,34.725635,1
15:45:17	0.28992,0.667860,0.023487,35.003070,1
15:45:17	0.27581,0.670723,0.022908,34.140396,1
15:45:17	0.22431,0.673306,0.020659,30.788467,1
15:45:17	0.21401,0.675808,0.020179,30.073280,1
15:45:17	0.22011,0.678366,0.020465,30.499118,1
15:45:17	0.21286,0.680881,0.020125,29.992765,1
15:45:17	0.22278,0.683414,0.020589,30.683565,1
15:45:17	0.24605,0.686119,0.021637,32.246253,1
15:45:18	0.22164,0.688686,0.020536,30.604654,1
15:45:18	0.21401,0.691188,0.020179,30.073280,1
15:45:18	0.23499,0.693831,0.021145,31.513002,1
15:45:18	0.25063,0.696561,0.021838,32.544834,1
15:45:18	0.21401,0.699083,0.020179,30.073280,1
15:45:18	0.22431,0.701645,0.020659,30.788467,1
15:45:18	0.20943,0.704140,0.019962,29.749902,1
15:45:18	0.19799,0.706566,0.019409,28.925647,1
15:45:19	0.16747,0.708780,0.017851,26.603065,1
15:45:19	0.09422,0.710453,0.013390,19.954822,1
15:45:19	-0.00687,0.710453,0.013390,19.954822,1
15:45:19	-0.13008,0.710453,0.013390,19.954822,1
15:45:19	-0.17967,0.710453,0.013390,19.954822,1
15:45:19	-0.20523,0.710453,0.013390,19.954822,1
15:45:19	-0.21134,0.710453,0.013390,19.954822,1
15:45:19	-0.20867,0.710453,0.013390,19.954822,1
15:45:20	-0.22164,0.710453,0.013390,19.954822,1
15:45:20	-0.22240,0.710453,0.013390,19.954822,1
15:45:20	-0.19303,0.710453,0.013390,19.954822,1
15:45:20	-0.19799,0.710453,0.013390,19.954822,1
15:45:20	-0.19989,0.710453,0.013390,19.954822,1
15:45:20	-0.19646,0.710453,0.013390,19.954822,1
15:45:20	-0.18769,0.710453,0.013390,19.954822,1
15:45:20	-0.19532,0.710453,0.013390,19.954822,1
15:45:21	-0.16747,0.710453,0.013390,19.954822,1
15:45:21	-0.13542,0.710453,0.013390,19.954822,1
15:45:21	-0.09957,0.710453,0.013390,19.954822,1
15:45:21	-0.06027,0.710453,0.013390,19.954822,1
15:45:21	0.06447,0.711827,0.011076,16.506034,1
15:45:21	0.15526,0.713975,0.017188,25.615133,1
15:45:21	0.25139,0.716709,0.021871,32.594333,1
15:45:21	0.28267,0.719585,0.023192,34.562767,1
15:45:22	0.31357,0.722638,0.024426,36.402843,1
15:45:22	0.26894,0.725466,0.022621,33.712734,1
15:45:22	0.25826,0.728192,0.022167,33.036476,1
15:45:22	0.26818,0.731016,0.022589,33.664878,1
15:45:22	0.27237,0.733862,0.022765,33.927234,1
15:45:22	0.24109,0.736539,0.021418,31.919637,1
15:45:22	0.21477,0.739046,0.020215,30.126838,1
15:45:22	0.20600,0.741520,0.019798,29.505043,1
15:45:23	0.19799,0.743946,0.019409,28.925647,1
15:45:23	0.20447,0.746392,0.019724,29.395563,1
15:45:23	0.23308,0.749025,0.021059,31.384847,1
15:45:23	0.22278,0.751598,0.020589,30.683565,1
15:45:23	0.24186,0.754258,0.021452,31.970104,1
15:45:23	0.21668,0.756796,0.020305,30.260322,1
15:45:23	0.18845,0.759163,0.018936,28.220382,1
15:45:23	0.14496,0.761223,0.016608,24.750909,1
15:45:24	0.13428,0.763205,0.015984,23.821590,1
15:45:24	0.02899,0.764133,0.007427,11.068944,1
15:45:24	-0.06294,0.764133,0.007427,11.068944,1
15:45:24	-0.15640,0.764133,0.007427,11.068944,1
15:45:24	-0.19799,0.764133,0.007427,11.068944,1
15:45:24	-0.22164,0.764133,0.007427,11.068944,1
15:45:24	-0.24605,0.764133,0.007427,11.068944,1
15:45:24	-0.25559,0.764133,0.007427,11.068944,1
15:45:25	-0.25063,0.764133,0.007427,11.068944,1
15:45:25	-0.25559,0.764133,0.007427,11.068944,1
15:45:25	-0.23842,0.764133,0.007427,11.068944,1
15:45:25	-0.24949,0.764133,0.007427,11.068944,1
15:45:25	-0.22164,0.764133,0.007427,11.068944,1
15:45:25	-0.21553,0.764133,0.007427,11.068944,1
15:45:25	-0.20600,0.764133,0.007427,11.068944,1
15:45:25	-0.20600,0.764133,0.007427,11.068944,1
15:45:26	-0.17357,0.764133,0.007427,11.068944,1
15:45:26	-0.19646,0.764133,0.007427,11.068944,1
15:45:26	-0.17205,0.764133,0.007427,11.068944,1
15:45:26	-0.15106,0.764133,0.007427,11.068944,1
15:45:26	-0.13161,0.764133,0.007427,11.068944,1
15:45:26	-0.01640,0.764133,0.007427,11.068944,1
15:45:26	0.19722,0.766535,0.019372,28.869861,1
15:45:26	0.27314,0.769362,0.022797,33.974723,1
15:45:27	0.27924,0.772220,0.023050,34.352230,1
15:45:27	0.27581,0.775084,0.022908,34.140396,1
15:45:27	0.24262,0.777770,0.021486,32.020488,1
15:45:27	0.28191,0.780665,0.023160,34.516090,1
15:45:27	0.24186,0.783325,0.021452,31.970104,1
15:45:27	0.21286,0.785840,0.020125,29.992765,1
15:45:27	0.21820,0.788387,0.020376,30.366685,1
15:45:27	0.21401,0.790889,0.020179,30.073280,1
15:45:28	0.19379,0.793290,0.019202,28.617471,1
15:45:28	0.20066,0.795732,0.019540,29.120059,1
15:45:28	0.20867,0.798203,0.019926,29.695667,1
15:45:28	0.19989,0.800641,0.019502,29.064645,1
15:45:28	0.20790,0.803107,0.019889,29.641326,1
15:45:28	0.19799,0.805514,0.019409,28.925647,1
15:45:28	0.18158,0.807837,0.018588,27.701473,1
15:45:28	0.13542,0.809844,0.016052,23.922883,1
15:45:29	0.04540,0.811005,0.009294,13.850737,1
15:45:29	-0.04463,0.811005,0.009294,13.850737,1
15:45:29	-0.14992,0.811005,0.009294,13.850737,1
15:45:29	-0.16327,0.811005,0.009294,13.850737,1
15:45:29	-0.20333,0.811005,0.009294,13.850737,1
15:45:29	-0.19036,0.811005,0.009294,13.850737,1
15:45:29	-0.19646,0.811005,0.009294,13.850737,1
15:45:29	-0.20676,0.811005,0.009294,13.850737,1
15:45:30	-0.19646,0.811005,0.009294,13.850737,1
15:45:30	-0.18578,0.811005,0.009294,13.850737,1
15:45:30	-0.17548,0.811005,0.009294,13.850737,1
15:45:30	-0.19036,0.811005,0.009294,13.850737,1
15:45:30	-0.16938,0.811005,0.009294,13.850737,1
15:45:30	-0.21477,0.811005,0.009294,13.850737,1
15:45:30	-0.19455,0.811005,0.009294,13.850737,1
15:45:30	-0.19303,0.811005,0.009294,13.850737,1
15:45:31	-0.14305,0.811005,0.009294,13.850737,1
15:45:31	-0.13695,0.811005,0.009294,13.850737,1
15:45:31	-0.10224,0.811005,0.009294,13.850737,1
15:45:31	0.00877,0.811512,0.004086,6.089243,1
15:45:31	0.15526,0.813643,0.017188,25.615133,1
15:45:31	0.25406,0.816392,0.021987,32.766986,1
15:45:31	0.30556,0.819406,0.024112,35.934833,1
15:45:31	0.28534,0.822295,0.023301,34.725635,1
15:45:32	0.28801,0.825221,0.023410,34.887744,1
15:45:32	0.28878,0.828151,0.023441,34.933921,1
15:45:32	0.25216,0.830867,0.021904,32.643756,1
15:45:32	0.27581,0.833731,0.022908,34.140396,1
15:45:32	0.23308,0.836363,0.021059,31.384847,1
15:45:32	0.21286,0.838859,0.020125,29.992765,1
15:45:32	0.23919,0.841526,0.021333,31.793121,1
15:45:32	0.23919,0.844192,0.021333,31.793121,1
15:45:33	0.22278,0.846766,0.020589,30.683565,1
15:45:33	0.19455,0.849132,0.019240,28.673748,1
15:45:33	0.19722,0.851554,0.019372,28.869861,1
15:45:33	0.20333,0.854012,0.019669,29.313184,1
15:45:33	0.20180,0.856442,0.019595,29.202987,1
15:45:33	0.20867,0.858933,0.019926,29.695667,1
15:45:33	0.19646,0.861350,0.019334,28.813966,1
15:45:33	0.17205,0.863593,0.018093,26.964210,1
15:45:34	0.07858,0.865122,0.012228,18.223550,1
15:45:34	-0.02251,0.865122,0.012228,18.223550,1
15:45:34	-0.09613,0.865122,0.012228,18.223550,1
15:45:34	-0.13771,0.865122,0.012228,18.223550,1
15:45:34	-0.15869,0.865122,0.012228,18.223550,1
15:45:34	-0.14649,0.865122,0.012228,18.223550,1
15:45:34	-0.20600,0.865122,0.012228,18.223550,1
15:45:34	-0.15793,0.865122,0.012228,18.223550,1
15:45:35	-0.19646,0.865122,0.012228,18.223550,1
15:45:35	-0.20256,0.865122,0.012228,18.223550,1
15:45:35	-0.16251,0.865122,0.012228,18.223550,1
15:45:35	-0.17090,0.865122,0.012228,18.223550,1
15:45:35	-0.20867,0.865122,0.012228,18.223550,1
15:45:35	-0.16403,0.865122,0.012228,18.223550,1
15:45:35	-0.15183,0.865122,0.012228,18.223550,1
15:45:35	-0.16480,0.865122,0.012228,18.223550,1
15:45:36	-0.14572,0.865122,0.012228,18.223550,1
15:45:36	-0.16938,0.865122,0.012228,18.223550,1
15:45:36	-0.11444,0.865122,0.012228,18.223550,1
15:45:36	-0.09346,0.865122,0.012228,18.223550,1
15:45:36	-0.01297,0.865122,0.012228,18.223550,1
15:45:36	0.10758,0.866910,0.014307,21.321804,1
15:45:36	0.19455,0.869296,0.019240,28.673748,1
15:45:36	0.23308,0.871928,0.021059,31.384847,1
15:45:37	0.23499,0.874571,0.021145,31.513002,1
15:45:37	0.23041,0.877168,0.020938,31.204547,1
15:45:37	0.24262,0.879854,0.021486,32.020488,1
15:45:37	0.23995,0.882524,0.021367,31.843788,1
15:45:37	0.22965,0.885116,0.020904,31.152841,1
15:45:37	0.23995,0.887787,0.021367,31.843788,1
15:45:37	0.23728,0.890422,0.021248,31.666101,1
15:45:37	0.22087,0.892985,0.020500,30.551933,1
15:45:38	0.21553,0.895496,0.020251,30.180303,1
15:45:38	0.21401,0.898018,0.020179,30.073280,1
15:45:38	0.18845,0.900385,0.018936,28.220382,1
15:45:38	0.19722,0.902787,0.019372,28.869861,1
15:45:38	0.22278,0.905361,0.020589,30.683565,1
15:45:38	0.20867,0.907851,0.019926,29.695667,1
15:45:38	0.18769,0.910195,0.018898,28.163194,1
15:45:38	0.15373,0.912333,0.017103,25.488946,1
15:45:39	0.11521,0.914183,0.014806,22.064947,1
15:45:39	0.01297,0.914799,0.004968,7.403531,1
15:45:39	-0.08202,0.914799,0.004968,7.403531,1
15:45:39	-0.13542,0.914799,0.004968,7.403531,1
15:45:39	-0.17205,0.914799,0.004968,7.403531,1
15:45:39	-0.16670,0.914799,0.004968,7.403531,1
15:45:39	-0.17891,0.914799,0.004968,7.403531,1
15:45:39	-0.18692,0.914799,0.004968,7.403531,1
15:45:40	-0.14763,0.914799,0.004968,7.403531,1
15:45:40	-0.21820,0.914799,0.004968,7.403531,1
15:45:40	-0.22622,0.914799,0.004968,7.403531,1
15:45:40	-0.22850,0.914799,0.004968,7.403531,1
15:45:40	-0.22011,0.914799,0.004968,7.403531,1
15:45:40	-0.22850,0.914799,0.004968,7.403531,1
15:45:40	-0.21897,0.914799,0.004968,7.403531,1
15:45:40	-0.23995,0.914799,0.004968,7.403531,1
15:45:41	-0.19303,0.914799,0.004968,7.403531,1
15:45:41	-0.17472,0.914799,0.004968,7.403531,1
15:45:41	-0.19379,0.914799,0.004968,7.403531,1
15:45:41	-0.13352,0.914799,0.004968,7.403531,1
15:45:41	-0.06714,0.914799,0.004968,7.403531,1
15:45:41	0.00954,0.915328,0.004260,6.348474,1
15:45:41	0.11368,0.917166,0.014707,21.918334,1
15:45:41	0.22698,0.919764,0.020782,30.971189,1
15:45:42	0.23995,0.922413,0.021367,31.843788,1
15:45:42	0.24949,0.925137,0.021788,32.470447,1
15:45:42	0.25673,0.927877,0.022102,32.938735,1
15:45:42	0.26436,0.930658,0.022428,33.424583,1
15:45:42	0.28115,0.933549,0.023129,34.469356,1
15:45:42	0.24529,0.936250,0.021604,32.196220,1
15:45:42	0.28878,0.939180,0.023441,34.933921,1
15:45:42	0.23232,0.941787,0.021025,31.333436,1
15:45:43	0.22278,0.944361,0.020589,30.683565,1
15:45:43	0.26818,0.947184,0.022589,33.664878,1
15:45:43	0.23308,0.949796,0.021059,31.384847,1
15:45:43	0.20943,0.952291,0.019962,29.749902,1
15:45:43	0.22354,0.954869,0.020624,30.736057,1
15:45:43	0.22278,0.957422,0.020589,30.683565,1
15:45:43	0.21286,0.959937,0.020125,29.992765,1
15:45:43	0.20867,0.962408,0.019926,29.695667,1
15:45:44	0.18959,0.964763,0.018993,28.305940,1
15:45:44	0.12055,0.966657,0.015145,22.570592,1
15:45:44	0.01411,0.967304,0.005182,7.723253,1
15:45:44	-0.10567,0.967304,0.005182,7.723253,1
15:45:44	-0.14572,0.967304,0.005182,7.723253,1
15:45:44	-0.17548,0.967304,0.005182,7.723253,1
15:45:44	-0.19455,0.967304,0.005182,7.723253,1
15:45:44	-0.20333,0.967304,0.005182,7.723253,1
15:45:45	-0.22164,0.967304,0.005182,7.723253,1
15:45:45	-0.19799,0.967304,0.005182,7.723253,1
15:45:45	-0.21210,0.967304,0.005182,7.723253,1
15:45:45	-0.23041,0.967304,0.005182,7.723253,1
15:45:45	-0.22431,0.967304,0.005182,7.723253,1
15:45:45	-0.22087,0.967304,0.005182,7.723253,1
15:45:45	-0.22622,0.967304,0.005182,7.723253,1
15:45:45	-0.19112,0.967304,0.005182,7.723253,1
15:45:46	-0.16480,0.967304,0.005182,7.723253,1
15:45:46	-0.17815,0.967304,0.005182,7.723253,1
15:45:46	-0.14496,0.967304,0.005182,7.723253,1
15:45:46	-0.12131,0.967304,0.005182,7.723253,1
15:45:46	-0.09499,0.967304,0.005182,7.723253,1
15:45:46	-0.03395,0.967304,0.005182,7.723253,1
15:45:46	0.15717,0.969466,0.017293,25.771995,1
15:45:46	0.23499,0.972067,0.021145,31.513002,1
15:45:47	0.27504,0.974926,0.022876,34.093143,1
15:45:47	0.32921,0.978055,0.025028,37.299655,1
15:45:47	0.28115,0.980946,0.023129,34.469356,1
15:45:47	0.28878,0.983853,0.023441,34.933921,1
15:45:47	0.27504,0.986712,0.022876,34.093143,1
15:45:47	0.25216,0.989450,0.021904,32.643756,1
15:45:47	0.21744,0.991972,0.020340,30.313554,1
15:45:47	0.22011,0.994530,0.020465,30.499118,1
15:45:48	0.20523,0.997001,0.019761,29.450355,1
15:45:48	0.22698,0.999578,0.020782,30.971189,1
15:45:48	0.20943,1.002073,0.019962,29.749902,1
15:45:48	0.20867,1.004544,0.019926,29.695667,1
15:45:48	0.19799,1.006950,0.019409,28.925647,1
15:45:48	0.17891,1.009257,0.018451,27.497032,1
15:45:48	0.15793,1.011424,0.017335,25.834468,1
15:45:48	0.14916,1.013529,0.016847,25.106592,1
15:45:49	0.05684,1.014819,0.010400,15.498603,1
15:45:49	-0.05837,1.014819,0.010400,15.498603,1
15:45:49	-0.10910,1.014819,0.010400,15.498603,1
15:45:49	-0.13771,1.014819,0.010400,15.498603,1
15:45:49	-0.12322,1.014819,0.010400,15.498603,1
15:45:49	-0.18311,1.014819,0.010400,15.498603,1
15:45:49	-0.18082,1.014819,0.010400,15.498603,1
15:45:49	-0.12474,1.014819,0.010400,15.498603,1
15:45:50	-0.21019,1.014819,0.010400,15.498603,1
15:45:50	-0.19112,1.014819,0.010400,15.498603,1
15:45:50	-0.18769,1.014819,0.010400,15.498603,1
15:45:50	-0.19799,1.014819,0.010400,15.498603,1
15:45:50	-0.18845,1.014819,0.010400,15.498603,1
15:45:50	-0.17624,1.014819,0.010400,15.498603,1
15:45:50	-0.17357,1.014819,0.010400,15.498603,1
15:45:50	-0.11521,1.014819,0.010400,15.498603,1
15:45:51	-0.14153,1.014819,0.010400,15.498603,1
15:45:51	-0.09155,1.014819,0.010400,15.498603,1
15:45:51	-0.08125,1.014819,0.010400,15.498603,1
15:45:51	0.00191,1.015055,0.001905,2.839124,1
15:45:51	0.12055,1.016933,0.015145,22.570592,1
15:45:51	0.18845,1.019300,0.018936,28.220382,1
15:45:51	0.20867,1.021771,0.019926,29.695667,1
15:45:51	0.23651,1.024423,0.021214,31.615152,1
15:45:52	0.25826,1.027194,0.022167,33.036476,1
15:45:52	0.26703,1.029989,0.022541,33.592971,1
15:45:52	0.24262,1.032674,0.021486,32.020488,1
15:45:52	0.26436,1.035478,0.022428,33.424583,1
15:45:52	0.20676,1.037957,0.019835,29.559631,1
15:45:52	0.21820,1.040484,0.020376,30.366685,1
15:45:52	0.22278,1.043057,0.020589,30.683565,1
15:45:52	0.20676,1.045537,0.019835,29.559631,1
15:45:53	0.20790,1.047983,0.019889,29.641326,1
15:45:53	0.17281,1.050250,0.018133,27.023931,1
15:45:53	0.15450,1.052393,0.017145,25.552118,1
15:45:53	0.14763,1.054471,0.016760,24.977838,1
15:45:53	0.11368,1.056310,0.014707,21.918334,1
15:45:53	0.07439,1.057797,0.011897,17.730323,1
15:45:53	-0.04807,1.057797,0.011897,17.730323,1
15:45:53	-0.12398,1.057797,0.011897,17.730323,1
15:45:54	-0.18082,1.057797,0.011897,17.730323,1
15:45:54	-0.24453,1.057797,0.011897,17.730323,1
15:45:54	-0.25483,1.057797,0.011897,17.730323,1
15:45:54	-0.27314,1.057797,0.011897,17.730323,1
15:45:54	-0.22164,1.057797,0.011897,17.730323,1
15:45:54	-0.23995,1.057797,0.011897,17.730323,1
15:45:54	-0.17967,1.057797,0.011897,17.730323,1
15:45:54	-0.19112,1.057797,0.011897,17.730323,1
15:45:55	-0.17014,1.057797,0.011897,17.730323,1
15:45:55	-0.14153,1.057797,0.011897,17.730323,1
15:45:55	-0.15984,1.057797,0.011897,17.730323,1
15:45:55	-0.16136,1.057797,0.011897,17.730323,1
15:45:55	-0.08278,1.057797,0.011897,17.730323,1
15:45:55	-0.09957,1.057797,0.011897,17.730323,1
15:45:55	-0.09499,1.057797,0.011897,17.730323,1
15:45:55	-0.01488,1.057797,0.011897,17.730323,1
15:45:56	0.09346,1.059450,0.013335,19.873868,1
15:45:56	0.02441,1.060296,0.006816,10.157561,1
15:45:56	0.06905,1.061728,0.011462,17.081998,1
15:45:56	0.13695,1.063730,0.016142,24.057283,1
15:45:56	0.18692,1.066087,0.018859,28.105897,1
15:45:56	0.25330,1.068832,0.021954,32.717754,1
15:45:56	0.27504,1.071668,0.022876,34.093143,1
15:45:56	0.24529,1.074369,0.021604,32.196220,1
15:45:57	0.23728,1.077025,0.021248,31.666101,1
15:45:57	0.24109,1.079702,0.021418,31.919637,1
15:45:57	0.23308,1.082313,0.021059,31.384847,1
15:45:57	0.22354,1.084891,0.020624,30.736057,1
15:45:57	0.23499,1.087534,0.021145,31.513002,1
15:45:57	0.27504,1.090348,0.022876,34.093143,1
15:45:57	0.22507,1.092935,0.020694,30.840785,1
15:45:57	0.22011,1.095493,0.020465,30.499118,1
15:45:58	0.22774,1.098074,0.020817,31.023199,1
15:45:58	0.19799,1.100500,0.019409,28.925647,1
15:45:58	0.18769,1.102863,0.018898,28.163194,1
15:45:58	0.19112,1.105246,0.019070,28.419620,1
15:45:58	0.17548,1.107512,0.018273,27.231925,1
15:45:58	0.17472,1.109791,0.018233,27.172658,1
15:45:58	0.08736,1.111403,0.012893,19.213972,1
15:45:58	-0.13085,1.111403,0.012893,19.213972,1
15:45:59	-0.18921,1.111403,0.012893,19.213972,1
15:45:59	-0.19303,1.111403,0.012893,19.213972,1
15:45:59	-0.19722,1.111403,0.012893,19.213972,1
15:45:59	-0.21019,1.111403,0.012893,19.213972,1
15:45:59	-0.22850,1.111403,0.012893,19.213972,1
15:45:59	-0.20523,1.111403,0.012893,19.213972,1
15:45:59	-0.19379,1.111403,0.012893,19.213972,1
15:45:59	-0.24872,1.111403,0.012893,19.213972,1
15:46:00	-0.21477,1.111403,0.012893,19.213972,1
15:46:00	-0.22011,1.111403,0.012893,19.213972,1
15:46:00	-0.20409,1.111403,0.012893,19.213972,1
15:46:00	-0.17891,1.111403,0.012893,19.213972,1
15:46:00	-0.18425,1.111403,0.012893,19.213972,1
15:46:00	-0.19722,1.111403,0.012893,19.213972,1
15:46:00	-0.13085,1.111403,0.012893,19.213972,1
15:46:00	-0.10834,1.111403,0.012893,19.213972,1
15:46:01	-0.11177,1.111403,0.012893,19.213972,1
15:46:01	0.01297,1.112019,0.004968,7.403531,1
15:46:01	0.01221,1.112621,0.004819,7.182479,1
15:46:01	0.00801,1.113109,0.003904,5.818473,1
15:46:01	0.00954,1.113638,0.004260,6.348474,1
15:46:01	0.01144,1.114221,0.004666,6.954406,1
15:46:01	0.00954,1.114753,0.004260,6.348474,1
15:46:01	0.00534,1.115149,0.003188,4.750764,1
15:46:02	0.06218,1.116508,0.010877,16.210380,1
15:46:02	0.12207,1.118398,0.015240,22.712995,1
15:46:02	0.14038,1.120425,0.016344,24.356973,1
15:46:02	0.15297,1.122557,0.017061,25.425622,1
15:46:02	0.17472,1.124836,0.018233,27.172658,1
15:46:02	0.16136,1.127009,0.017522,26.113769,1
15:46:02	0.16403,1.129218,0.017667,26.328956,1
15:46:02	0.17014,1.131467,0.017992,26.814321,1
15:46:03	0.14839,1.133550,0.016803,25.042299,1
15:46:03	0.17128,1.135807,0.018053,26.904356,1
15:46:03	0.17128,1.138064,0.018053,26.904356,1
15:46:03	0.16327,1.140267,0.017626,26.267654,1
15:46:03	0.18082,1.142567,0.018549,27.643217,1
15:46:03	0.17128,1.144823,0.018053,26.904356,1
15:46:03	0.15640,1.146980,0.017251,25.709363,1
15:46:03	0.15640,1.149102,0.017251,25.709363,1
15:46:04	0.13962,1.151139,0.016299,24.290695,1
15:46:04	0.16518,1.153355,0.017728,26.420642,1
15:46:04	0.15984,1.155535,0.017439,25.990007,1
15:46:04	0.16518,1.157733,0.017728,26.420642,1
15:46:04	0.14572,1.159815,0.016652,24.815959,1
15:46:04	0.15717,1.161976,0.017293,25.771995,1
15:46:04	0.17205,1.164220,0.018093,26.964210,1
15:46:04	0.12474,1.166146,0.015406,22.960073,1
15:46:05	0.04730,1.167332,0.009487,14.138725,1
15:46:05	-0.14153,1.167332,0.009487,14.138725,1
15:46:05	-0.17548,1.167332,0.009487,14.138725,1
15:46:05	-0.22011,1.167332,0.009487,14.138725,1
15:46:05	-0.22622,1.167332,0.009487,14.138725,1
15:46:05	-0.21553,1.167332,0.009487,14.138725,1
15:46:05	-0.21019,1.167332,0.009487,14.138725,1
15:46:05	-0.20943,1.167332,0.009487,14.138725,1
15:46:06	-0.22011,1.167332,0.009487,14.138725,1
15:46:06	-0.21820,1.167332,0.009487,14.138725,1
15:46:06	-0.19722,1.167332,0.009487,14.138725,1
15:46:06	-0.21019,1.167332,0.009487,14.138725,1
15:46:06	-0.18235,1.167332,0.009487,14.138725,1
15:46:06	-0.15984,1.167332,0.009487,14.138725,1
15:46:06	-0.17815,1.167332,0.009487,14.138725,1
15:46:06	-0.17281,1.167332,0.009487,14.138725,1
15:46:07	-0.13085,1.167332,0.009487,14.138725,1
15:46:07	0.01297,1.167948,0.004968,7.403531,1
15:46:07	0.17739,1.170244,0.018372,27.379524,1
15:46:07	0.21744,1.172766,0.020340,30.313554,1
15:46:07	0.21668,1.175304,0.020305,30.260322,1
15:46:07	0.22431,1.177887,0.020659,30.788467,1
15:46:07	0.22774,1.180489,0.020817,31.023199,1
15:46:07	0.23499,1.183111,0.021145,31.513002,1
15:46:08	0.25330,1.185855,0.021954,32.717754,1
15:46:08	0.26017,1.188636,0.022249,33.158248,1
15:46:08	0.23308,1.191248,0.021059,31.384847,1
15:46:08	0.22698,1.193845,0.020782,30.971189,1
15:46:08	0.23117,1.196446,0.020973,31.256166,1
15:46:08	0.23384,1.199083,0.021094,31.436170,1
15:46:08	0.20333,1.201522,0.019669,29.313184,1
15:46:08	0.20676,1.204001,0.019835,29.559631,1
15:46:09	0.21401,1.206523,0.020179,30.073280,1
15:46:09	0.18845,1.208871,0.018936,28.220382,1
15:46:09	0.19913,1.211305,0.019465,29.009124,1
15:46:09	0.19112,1.213688,0.019070,28.419620,1
15:46:09	0.18425,1.216010,0.018724,27.904417,1
15:46:09	0.16670,1.218236,0.017810,26.542394,1
15:46:09	0.17472,1.220515,0.018233,27.172658,1
15:46:09	0.17967,1.222827,0.018490,27.555597,1
15:46:10	0.13542,1.224817,0.016052,23.922883,1
15:46:10	0.01678,1.225518,0.005651,8.422204,1
15:46:10	-0.06294,1.225518,0.005651,8.422204,1
15:46:10	-0.15106,1.225518,0.005651,8.422204,1
15:46:10	-0.20066,1.225518,0.005651,8.422204,1
15:46:10	-0.24796,1.225518,0.005651,8.422204,1
15:46:10	-0.24262,1.225518,0.005651,8.422204,1
15:46:10	-0.25483,1.225518,0.005651,8.422204,1
15:46:11	-0.22087,1.225518,0.005651,8.422204,1
15:46:11	-0.23651,1.225518,0.005651,8.422204,1
15:46:11	-0.20600,1.225518,0.005651,8.422204,1
15:46:11	-0.21401,1.225518,0.005651,8.422204,1
15:46:11	-0.22622,1.225518,0.005651,8.422204,1
15:46:11	-0.21820,1.225518,0.005651,8.422204,1
15:46:11	-0.24338,1.225518,0.005651,8.422204,1
15:46:11	-0.20256,1.225518,0.005651,8.422204,1
15:46:12	-0.18502,1.225518,0.005651,8.422204,1
15:46:12	-0.05493,1.225518,0.005651,8.422204,1
15:46:12	0.19913,1.227951,0.019465,29.009124,1
15:46:12	0.28458,1.230836,0.023270,34.679180,1
15:46:12	0.30556,1.233850,0.024112,35.934833,1
15:46:12	0.28725,1.236773,0.023379,34.841503,1
15:46:12	0.27504,1.239609,0.022876,34.093143,1
15:46:12	0.27848,1.242487,0.023019,34.305271,1
15:46:13	0.26627,1.245300,0.022509,33.544944,1
15:46:13	0.23308,1.247891,0.021059,31.384847,1
15:46:13	0.21820,1.250438,0.020376,30.366685,1
15:46:13	0.21897,1.252989,0.020412,30.419729,1
15:46:13	0.23384,1.255626,0.021094,31.436170,1
15:46:13	0.22164,1.258172,0.020536,30.604654,1
15:46:13	0.22278,1.260746,0.020589,30.683565,1
15:46:13	0.21134,1.263252,0.020053,29.885066,1
15:46:14	0.19188,1.265622,0.019108,28.476289,1
15:46:14	0.20256,1.268076,0.019632,29.258136,1
15:46:14	0.19913,1.270509,0.019465,29.009124,1
15:46:14	0.19570,1.272902,0.019297,28.757959,1
15:46:14	0.07439,1.274389,0.011897,17.730323,1
15:46:14	-0.06294,1.274389,0.011897,17.730323,1
15:46:14	-0.17090,1.274389,0.011897,17.730323,1
15:46:15	-0.20523,1.274389,0.011897,17.730323,1
15:46:15	-0.19646,1.274389,0.011897,17.730323,1
15:46:15	-0.20409,1.274389,0.011897,17.730323,1
15:46:15	-0.21401,1.274389,0.011897,17.730323,1
15:46:15	-0.23117,1.274389,0.011897,17.730323,1
15:46:15	-0.21210,1.274389,0.011897,17.730323,1
15:46:15	-0.23308,1.274389,0.011897,17.730323,1
15:46:15	-0.24605,1.274389,0.011897,17.730323,1
15:46:15	-0.19989,1.274389,0.011897,17.730323,1
15:46:16	-0.21553,1.274389,0.011897,17.730323,1
15:46:16	-0.21210,1.274389,0.011897,17.730323,1
15:46:16	-0.22622,1.274389,0.011897,17.730323,1
15:46:16	-0.15526,1.274389,0.011897,17.730323,1
15:46:16	-0.15869,1.274389,0.011897,17.730323,1
15:46:16	-0.07668,1.274389,0.011897,17.730323,1
15:46:16	-0.06104,1.274389,0.011897,17.730323,1
15:46:16	0.00267,1.274668,0.002254,3.359297,1
15:46:17	0.10910,1.276469,0.014408,21.472490,1
15:46:17	0.13619,1.278482,0.016097,23.990179,1
15:46:17	0.19989,1.280919,0.019502,29.064645,1
15:46:17	0.20867,1.283390,0.019926,29.695667,1
15:46:17	0.23919,1.286057,0.021333,31.793121,1
15:46:17	0.28458,1.288966,0.023270,34.679180,1
15:46:17	0.26436,1.291724,0.022428,33.424583,1
15:46:17	0.20600,1.294199,0.019798,29.505043,1
15:46:18	0.22774,1.296801,0.020817,31.023199,1
15:46:18	0.22431,1.299363,0.020659,30.788467,1
15:46:18	0.23041,1.301980,0.020938,31.204547,1
15:46:18	0.19722,1.304401,0.019372,28.869861,1
15:46:18	0.21057,1.306904,0.020017,29.831079,1
15:46:18	0.22774,1.309485,0.020817,31.023199,1
15:46:18	0.22164,1.312052,0.020536,30.604654,1
15:46:18	0.20523,1.314522,0.019761,29.450355,1
15:46:19	0.19913,1.316936,0.019465,29.009124,1
15:46:19	0.18349,1.319271,0.018685,27.846584,1
15:46:19	0.09155,1.320921,0.013199,19.670030,1
15:46:19	-0.01907,1.320921,0.013199,19.670030,1
15:46:19	-0.07324,1.320921,0.013199,19.670030,1
15:46:19	-0.13771,1.320921,0.013199,19.670030,1
15:46:19	-0.17548,1.320921,0.013199,19.670030,1
15:46:19	-0.18502,1.320921,0.013199,19.670030,1
15:46:20	-0.19303,1.320921,0.013199,19.670030,1
15:46:20	-0.19799,1.320921,0.013199,19.670030,1
15:46:20	-0.19799,1.320921,0.013199,19.670030,1
15:46:20	-0.21210,1.320921,0.013199,19.670030,1
15:46:20	-0.20676,1.320921,0.013199,19.670030,1
15:46:20	-0.24186,1.320921,0.013199,19.670030,1
15:46:20	-0.21744,1.320921,0.013199,19.670030,1
15:46:20	-0.22087,1.320921,0.013199,19.670030,1
15:46:21	-0.23995,1.320921,0.013199,19.670030,1
15:46:21	-0.20867,1.320921,0.013199,19.670030,1
15:46:21	-0.22965,1.320921,0.013199,19.670030,1
15:46:21	-0.21134,1.320921,0.013199,19.670030,1
15:46:21	-0.19112,1.320921,0.013199,19.670030,1
15:46:21	-0.09232,1.320921,0.013199,19.670030,1
15:46:21	0.01907,1.321668,0.006024,8.978099,1
15:46:21	0.13352,1.323660,0.015939,23.753816,1
15:46:22	0.17281,1.325927,0.018133,27.023931,1
15:46:22	0.22965,1.328540,0.020904,31.152841,1
15:46:22	0.26703,1.331335,0.022541,33.592971,1
15:46:22	0.27924,1.334193,0.023050,34.352230,1
15:46:22	0.22622,1.336787,0.020747,30.919094,1
15:46:22	0.25063,1.339495,0.021838,32.544834,1
15:46:22	0.24529,1.342195,0.021604,32.196220,1
15:46:23	0.22507,1.344782,0.020694,30.840785,1
15:46:23	0.23232,1.347389,0.021025,31.333436,1
15:46:23	0.21897,1.349940,0.020412,30.419729,1
15:46:23	0.19646,1.352357,0.019334,28.813966,1
15:46:23	0.20676,1.354836,0.019835,29.559631,1
15:46:23	0.19913,1.357250,0.019465,29.009124,1
15:46:23	0.20600,1.359725,0.019798,29.505043,1
15:46:23	0.18425,1.362065,0.018724,27.904417,1
15:46:23	0.17739,1.364325,0.018372,27.379524,1
15:46:24	0.16136,1.366515,0.017522,26.113769,1
15:46:24	0.07057,1.367964,0.011588,17.269718,1
15:46:24	-0.04692,1.367964,0.011588,17.269718,1
15:46:24	-0.11330,1.367964,0.011588,17.269718,1
15:46:24	-0.18311,1.367964,0.011588,17.269718,1
15:46:24	-0.17472,1.367964,0.011588,17.269718,1
15:46:24	-0.20409,1.367964,0.011588,17.269718,1
15:46:24	-0.20066,1.367964,0.011588,17.269718,1
15:46:25	-0.20066,1.367964,0.011588,17.269718,1
15:46:25	-0.18311,1.367964,0.011588,17.269718,1
15:46:25	-0.20333,1.367964,0.011588,17.269718,1
15:46:25	-0.22431,1.367964,0.011588,17.269718,1
15:46:25	-0.22431,1.367964,0.011588,17.269718,1
15:46:25	-0.23728,1.367964,0.011588,17.269718,1
15:46:25	-0.20333,1.367964,0.011588,17.269718,1
15:46:25	-0.18921,1.367964,0.011588,17.269718,1
15:46:26	-0.18311,1.367964,0.011588,17.269718,1
15:46:26	-0.15793,1.367964,0.011588,17.269718,1
15:46:26	-0.07057,1.367964,0.011588,17.269718,1
15:46:26	0.01755,1.368686,0.005778,8.611491,1
15:46:26	0.07324,1.370150,0.011805,17.593408,1
15:46:26	0.09270,1.371810,0.013281,19.792585,1
15:46:26	0.14839,1.373911,0.016803,25.042299,1
15:46:26	0.17739,1.376207,0.018372,27.379524,1
15:46:27	0.23728,1.378821,0.021248,31.666101,1
15:46:27	0.27428,1.381676,0.022845,34.045822,1
15:46:27	0.27771,1.384549,0.022987,34.258243,1
15:46:27	0.25750,1.387294,0.022135,32.987644,1
15:46:27	0.23995,1.389965,0.021367,31.843788,1
15:46:27	0.22622,1.392558,0.020747,30.919094,1
15:46:27	0.22278,1.395111,0.020589,30.683565,1
15:46:27	0.22164,1.397678,0.020536,30.604654,1
15:46:28	0.24872,1.400398,0.021754,32.420761,1
15:46:28	0.21477,1.402925,0.020215,30.126838,1
15:46:28	0.19913,1.405338,0.019465,29.009124,1
15:46:28	0.20256,1.407792,0.019632,29.258136,1
15:46:28	0.20256,1.410246,0.019632,29.258136,1
15:46:28	0.19722,1.412629,0.019372,28.869861,1
15:46:28	0.18578,1.414979,0.018801,28.019727,1
15:46:28	0.18235,1.417308,0.018627,27.759609,1
15:46:29	0.17357,1.419579,0.018173,27.083520,1
15:46:29	0.07668,1.421077,0.012079,18.001031,1
15:46:29	-0.01488,1.421077,0.012079,18.001031,1
15:46:29	-0.11521,1.421077,0.012079,18.001031,1
15:46:29	-0.14763,1.421077,0.012079,18.001031,1
15:46:29	-0.17472,1.421077,0.012079,18.001031,1
15:46:29	-0.19036,1.421077,0.012079,18.001031,1
15:46:30	-0.20943,1.421077,0.012079,18.001031,1
15:46:30	-0.15717,1.421077,0.012079,18.001031,1
15:46:30	-0.18578,1.421077,0.012079,18.001031,1
15:46:30	-0.19913,1.421077,0.012079,18.001031,1
15:46:30	-0.16480,1.421077,0.012079,18.001031,1
15:46:30	-0.21019,1.421077,0.012079,18.001031,1
15:46:30	-0.20523,1.421077,0.012079,18.001031,1
15:46:30	-0.18082,1.421077,0.012079,18.001031,1
15:46:30	-0.18769,1.421077,0.012079,18.001031,1
15:46:31	-0.15793,1.421077,0.012079,18.001031,1
15:46:31	-0.15984,1.421077,0.012079,18.001031,1
15:46:31	-0.12055,1.421077,0.012079,18.001031,1
15:46:31	-0.09499,1.421077,0.012079,18.001031,1
15:46:31	-0.13886,1.421077,0.012079,18.001031,1
15:46:31	-0.01907,1.421077,0.012079,18.001031,1
15:46:31	0.10224,1.422806,0.013947,20.785802,1
15:46:31	0.12207,1.424712,0.015240,22.712995,1
15:46:32	0.16327,1.426915,0.017626,26.267654,1
15:46:32	0.20256,1.429369,0.019632,29.258136,1
15:46:32	0.21668,1.431887,0.020305,30.260322,1
15:46:32	0.23919,1.434553,0.021333,31.793121,1
15:46:32	0.23499,1.437196,0.021145,31.513002,1
15:46:32	0.23308,1.439808,0.021059,31.384847,1
15:46:32	0.22507,1.442394,0.020694,30.840785,1
15:46:32	0.24453,1.445091,0.021570,32.146110,1
15:46:33	0.25330,1.447813,0.021954,32.717754,1
15:46:33	0.18692,1.450152,0.018859,28.105897,1
15:46:33	0.18502,1.452497,0.018763,27.962129,1
15:46:33	0.18425,1.454837,0.018724,27.904417,1
15:46:33	0.18349,1.457154,0.018685,27.846584,1
15:46:33	0.22087,1.459717,0.020500,30.551933,1
15:46:33	0.20676,1.462196,0.019835,29.559631,1
15:46:33	0.20867,1.464667,0.019926,29.695667,1
15:46:34	0.20256,1.467121,0.019632,29.258136,1
15:46:34	0.20066,1.469563,0.019540,29.120059,1
15:46:34	0.20676,1.472043,0.019835,29.559631,1
15:46:34	0.20447,1.474489,0.019724,29.395563,1
15:46:34	0.16938,1.476733,0.017952,26.754133,1
15:46:34	0.06371,1.478109,0.011010,16.408075,1
15:46:34	0.00000,1.478109,0.011010,16.408075,1
15:46:34	-0.08202,1.478109,0.011010,16.408075,1
15:46:35	-0.16251,1.478109,0.011010,16.408075,1
15:46:35	-0.20333,1.478109,0.011010,16.408075,1
15:46:35	-0.21630,1.478109,0.011010,16.408075,1
15:46:35	-0.19722,1.478109,0.011010,16.408075,1
15:46:35	-0.21897,1.478109,0.011010,16.408075,1
15:46:35	-0.21553,1.478109,0.011010,16.408075,1
15:46:35	-0.20867,1.478109,0.011010,16.408075,1
15:46:35	-0.21744,1.478109,0.011010,16.408075,1
15:46:36	-0.20409,1.478109,0.011010,16.408075,1
15:46:36	-0.20676,1.478109,0.011010,16.408075,1
15:46:36	-0.19455,1.478109,0.011010,16.408075,1
15:46:36	-0.18578,1.478109,0.011010,16.408075,1
15:46:36	-0.18158,1.478109,0.011010,16.408075,1
15:46:36	-0.20180,1.478109,0.011010,16.408075,1
15:46:36	-0.19112,1.478109,0.011010,16.408075,1
15:46:36	-0.13695,1.478109,0.011010,16.408075,1
15:46:37	-0.07668,1.478109,0.011010,16.408075,1
15:46:37	-0.02022,1.478109,0.011010,16.408075,1
15:46:37	0.16251,1.480307,0.017584,26.206211,1
15:46:37	0.22164,1.482853,0.020536,30.604654,1
15:46:37	0.25750,1.485620,0.022135,32.987644,1
15:46:37	0.26818,1.488444,0.022589,33.664878,1
15:46:37	0.26436,1.491202,0.022428,33.424583,1
15:46:38	0.25750,1.493969,0.022135,32.987644,1
15:46:38	0.25673,1.496732,0.022102,32.938735,1
15:46:38	0.20447,1.499198,0.019724,29.395563,1
15:46:38	0.23041,1.501794,0.020938,31.204547,1
15:46:38	0.20600,1.504269,0.019798,29.505043,1
15:46:38	0.25330,1.507013,0.021954,32.717754,1
15:46:38	0.20180,1.509443,0.019595,29.202987,1
15:46:38	0.21744,1.511985,0.020340,30.313554,1
15:46:38	0.19989,1.514423,0.019502,29.064645,1
15:46:39	0.18692,1.516762,0.018859,28.105897,1
15:46:39	0.17281,1.519028,0.018133,27.023931,1
15:46:39	0.18692,1.521386,0.018859,28.105897,1
15:46:39	0.20333,1.523825,0.019669,29.313184,1
15:46:39	0.20867,1.526296,0.019926,29.695667,1
15:46:39	0.21134,1.528802,0.020053,29.885066,1
15:46:39	0.21668,1.531340,0.020305,30.260322,1
15:46:39	0.13275,1.533311,0.015893,23.685853,1
15:46:40	0.00534,1.533710,0.003188,4.750764,1
15:46:40	-0.13275,1.533710,0.003188,4.750764,1
15:46:40	-0.15106,1.533710,0.003188,4.750764,1
15:46:40	-0.19303,1.533710,0.003188,4.750764,1
15:46:40	-0.18692,1.533710,0.003188,4.750764,1
15:46:40	-0.17815,1.533710,0.003188,4.750764,1
15:46:40	-0.19532,1.533710,0.003188,4.750764,1
15:46:40	-0.17205,1.533710,0.003188,4.750764,1
15:46:41	-0.19379,1.533710,0.003188,4.750764,1
15:46:41	-0.19303,1.533710,0.003188,4.750764,1
15:46:41	-0.17548,1.533710,0.003188,4.750764,1
15:46:41	-0.22622,1.533710,0.003188,4.750764,1
15:46:41	-0.22774,1.533710,0.003188,4.750764,1
15:46:41	-0.22164,1.533710,0.003188,4.750764,1
15:46:41	-0.20333,1.533710,0.003188,4.750764,1
15:46:41	-0.21820,1.533710,0.003188,4.750764,1
15:46:42	-0.20066,1.533710,0.003188,4.750764,1
15:46:42	-0.17700,1.533710,0.003188,4.750764,1
15:46:42	-0.17090,1.533710,0.003188,4.750764,1
15:46:42	-0.03929,1.533710,0.003188,4.750764,1
15:46:42	0.12055,1.535588,0.015145,22.570592,1
15:46:42	0.17548,1.537872,0.018273,27.231925,1
15:46:42	0.21210,1.540363,0.020089,29.938968,1
15:46:42	0.25673,1.543125,0.022102,32.938735,1
15:46:43	0.29755,1.546100,0.023794,35.460647,1
15:46:43	0.30022,1.549087,0.023901,35.619415,1
15:46:43	0.26703,1.551882,0.022541,33.592971,1
15:46:43	0.27581,1.554746,0.022908,34.140396,1
15:46:43	0.30137,1.557739,0.023946,35.687236,1
15:46:43	0.24262,1.560403,0.021486,32.020488,1
15:46:43	0.26207,1.563195,0.022331,33.279575,1
15:46:43	0.22889,1.565782,0.020869,31.101049,1
15:46:44	0.25216,1.568520,0.021904,32.643756,1
15:46:44	0.22774,1.571102,0.020817,31.023199,1
15:46:44	0.22431,1.573684,0.020659,30.788467,1
15:46:44	0.22164,1.576251,0.020536,30.604654,1
15:46:44	0.22698,1.578828,0.020782,30.971189,1
15:46:44	0.25597,1.581586,0.022069,32.889755,1
15:46:44	0.20447,1.584052,0.019724,29.395563,1
15:46:44	0.21286,1.586548,0.020125,29.992765,1
15:46:45	0.17967,1.588859,0.018490,27.555597,1
15:46:45	0.13428,1.590857,0.015984,23.821590,1
15:46:45	0.01831,1.591595,0.005903,8.796705,1
15:46:45	-0.07935,1.591595,0.005903,8.796705,1
15:46:45	-0.15450,1.591595,0.005903,8.796705,1
15:46:45	-0.17281,1.591595,0.005903,8.796705,1
15:46:45	-0.18082,1.591595,0.005903,8.796705,1
15:46:45	-0.17624,1.591595,0.005903,8.796705,1
15:46:46	-0.19989,1.591595,0.005903,8.796705,1
15:46:46	-0.23117,1.591595,0.005903,8.796705,1
15:46:46	-0.19722,1.591595,0.005903,8.796705,1
15:46:46	-0.21744,1.591595,0.005903,8.796705,1
15:46:46	-0.22774,1.591595,0.005903,8.796705,1
15:46:46	-0.22965,1.591595,0.005903,8.796705,1
15:46:46	-0.22698,1.591595,0.005903,8.796705,1
15:46:46	-0.21897,1.591595,0.005903,8.796705,1
15:46:47	-0.21897,1.591595,0.005903,8.796705,1
15:46:47	-0.19303,1.591595,0.005903,8.796705,1
15:46:47	-0.19646,1.591595,0.005903,8.796705,1
15:46:47	-0.15183,1.591595,0.005903,8.796705,1
15:46:47	-0.01221,1.591595,0.005903,8.796705,1
15:46:47	0.15793,1.593762,0.017335,25.834468,1
15:46:47	0.25483,1.596514,0.022020,32.816150,1
15:46:47	0.31777,1.599563,0.024589,36.645606,1
15:46:48	0.28992,1.602499,0.023487,35.003070,1
15:46:48	0.30747,1.605522,0.024187,36.046813,1
15:46:48	0.25483,1.608253,0.022020,32.816150,1
15:46:48	0.23728,1.610909,0.021248,31.666101,1
15:46:48	0.22011,1.613446,0.020465,30.499118,1
15:46:48	0.24186,1.616128,0.021452,31.970104,1
15:46:48	0.22087,1.618670,0.020500,30.551933,1
15:46:48	0.22889,1.621279,0.020869,31.101049,1
15:46:49	0.22011,1.623837,0.020465,30.499118,1
15:46:49	0.22431,1.626398,0.020659,30.788467,1
15:46:49	0.20256,1.628852,0.019632,29.258136,1
15:46:49	0.22011,1.631410,0.020465,30.499118,1
15:46:49	0.19570,1.633803,0.019297,28.757959,1
15:46:49	0.19379,1.636204,0.019202,28.617471,1
15:46:49	0.16403,1.638412,0.017667,26.328956,1
15:46:49	0.16327,1.640615,0.017626,26.267654,1
15:46:50	0.09689,1.642299,0.013578,20.235607,1
15:46:50	-0.01030,1.642299,0.013578,20.235607,1
15:46:50	-0.13275,1.642299,0.013578,20.235607,1
15:46:50	-0.19379,1.642299,0.013578,20.235607,1
15:46:50	-0.19112,1.642299,0.013578,20.235607,1
15:46:50	-0.22354,1.642299,0.013578,20.235607,1
15:46:50	-0.28801,1.642299,0.013578,20.235607,1
15:46:50	-0.26551,1.642299,0.013578,20.235607,1
15:46:51	-0.20409,1.642299,0.013578,20.235607,1
15:46:51	-0.20790,1.642299,0.013578,20.235607,1
15:46:51	-0.25673,1.642299,0.013578,20.235607,1
15:46:51	-0.23117,1.642299,0.013578,20.235607,1
15:46:51	-0.21897,1.642299,0.013578,20.235607,1
15:46:51	-0.19379,1.642299,0.013578,20.235607,1
15:46:51	-0.17624,1.642299,0.013578,20.235607,1
15:46:51	-0.13542,1.642299,0.013578,20.235607,1
15:46:52	-0.06981,1.642299,0.013578,20.235607,1
15:46:52	-0.12322,1.642299,0.013578,20.235607,1
15:46:52	0.00687,1.642747,0.003615,5.386860,1
15:46:52	0.08888,1.644373,0.013005,19.381052,1
15:46:52	0.19036,1.646751,0.019031,28.362836,1
15:46:52	0.22011,1.649289,0.020465,30.499118,1
15:46:52	0.28038,1.652176,0.023098,34.422554,1
15:46:53	0.29679,1.655147,0.023764,35.415157,1
15:46:53	0.24453,1.657822,0.021570,32.146110,1
15:46:53	0.23728,1.660456,0.021248,31.666101,1
15:46:53	0.25216,1.663194,0.021904,32.643756,1
15:46:53	0.26017,1.665953,0.022249,33.158248,1
15:46:53	0.25673,1.668716,0.022102,32.938735,1
15:46:53	0.23575,1.671363,0.021180,31.564115,1
15:46:53	0.23995,1.674034,0.021367,31.843788,1
15:46:54	0.23232,1.676641,0.021025,31.333436,1
15:46:54	0.26818,1.679465,0.022589,33.664878,1
15:46:54	0.20790,1.681951,0.019889,29.641326,1
15:46:54	0.21477,1.684458,0.020215,30.126838,1
15:46:54	0.24109,1.687135,0.021418,31.919637,1
15:46:54	0.22278,1.689709,0.020589,30.683565,1
15:46:54	0.22431,1.692291,0.020659,30.788467,1
15:46:54	0.20790,1.694737,0.019889,29.641326,1
15:46:54	0.15106,1.696857,0.016954,25.266609,1
15:46:55	0.00687,1.697308,0.003615,5.386860,1
15:46:55	-0.10986,1.697308,0.003615,5.386860,1
15:46:55	-0.17548,1.697308,0.003615,5.386860,1
15:46:55	-0.24796,1.697308,0.003615,5.386860,1
15:46:55	-0.24186,1.697308,0.003615,5.386860,1
15:46:55	-0.24949,1.697308,0.003615,5.386860,1
15:46:55	-0.23728,1.697308,0.003615,5.386860,1
15:46:55	-0.27047,1.697308,0.003615,5.386860,1
15:46:56	-0.24605,1.697308,0.003615,5.386860,1
15:46:56	-0.25139,1.697308,0.003615,5.386860,1
15:46:56	-0.25483,1.697308,0.003615,5.386860,1
15:46:56	-0.27047,1.697308,0.003615,5.386860,1
15:46:56	-0.26284,1.697308,0.003615,5.386860,1
15:46:56	-0.21897,1.697308,0.003615,5.386860,1
15:46:56	-0.22431,1.697308,0.003615,5.386860,1
15:46:56	-0.20066,1.697308,0.003615,5.386860,1
15:46:57	-0.20600,1.697308,0.003615,5.386860,1
15:46:57	-0.05341,1.697308,0.003615,5.386860,1
15:46:57	0.21553,1.699840,0.020251,30.180303,1
15:46:57	0.31434,1.702872,0.024456,36.447101,1
15:46:57	0.33608,1.706033,0.025288,37.686637,1
15:46:57	0.32654,1.709149,0.024926,37.148071,1
15:46:57	0.33761,1.712267,0.025345,37.772094,1
15:46:57	0.32464,1.715373,0.024853,37.039421,1
15:46:58	0.32044,1.718460,0.024692,36.799255,1
15:46:58	0.30289,1.721437,0.024007,35.777469,1
15:46:58	0.32807,1.724560,0.024985,37.234767,1
15:46:58	0.33532,1.727717,0.025259,37.643836,1
15:46:58	0.30747,1.730740,0.024187,36.046813,1
15:46:58	0.28992,1.733653,0.023487,35.003070,1
15:46:58	0.29335,1.736606,0.023626,35.209720,1
15:46:58	0.28267,1.739505,0.023192,34.562767,1
15:46:59	0.27924,1.742363,0.023050,34.352230,1
15:46:59	0.24872,1.745082,0.021754,32.420761,1
15:46:59	0.29679,1.748053,0.023764,35.415157,1
15:46:59	0.25597,1.750790,0.022069,32.889755,1
15:46:59	0.24186,1.753450,0.021452,31.970104,1
15:46:59	0.16327,1.755653,0.017626,26.267654,1
15:46:59	0.00534,1.756051,0.003188,4.750764,1
15:46:59	-0.20867,1.756051,0.003188,4.750764,1
15:47:00	-0.26284,1.756051,0.003188,4.750764,1
15:47:00	-0.32044,1.756051,0.003188,4.750764,1
15:47:00	-0.31777,1.756051,0.003188,4.750764,1
15:47:00	-0.29946,1.756051,0.003188,4.750764,1
15:47:00	-0.28878,1.756051,0.003188,4.750764,1
15:47:00	-0.26436,1.756051,0.003188,4.750764,1
15:47:00	-0.26093,1.756051,0.003188,4.750764,1
15:47:00	-0.27581,1.756051,0.003188,4.750764,1
15:47:01	-0.27390,1.756051,0.003188,4.750764,1
15:47:01	-0.25483,1.756051,0.003188,4.750764,1
15:47:01	-0.24186,1.756051,0.003188,4.750764,1
15:47:01	-0.21897,1.756051,0.003188,4.750764,1
15:47:01	-0.17548,1.756051,0.003188,4.750764,1
15:47:01	-0.08812,1.756051,0.003188,4.750764,1
15:47:01	0.21744,1.758594,0.020340,30.313554,1
15:47:01	0.34371,1.761765,0.025573,38.112003,1
15:47:02	0.40398,1.765231,0.027725,41.318771,1
15:47:02	0.37766,1.768581,0.026806,39.950019,1
15:47:02	0.41161,1.772052,0.027985,41.707115,1
15:47:02	0.40894,1.775511,0.027895,41.571605,1
15:47:02	0.38186,1.778880,0.026955,40.171352,1
15:47:02	0.37079,1.782200,0.026562,39.585170,1
15:47:02	0.38300,1.785547,0.026995,40.231502,1
15:47:02	0.34447,1.788748,0.025602,38.154281,1
15:47:03	0.34180,1.791935,0.025502,38.006111,1
15:47:03	0.36469,1.795202,0.026342,39.258014,1
15:47:03	0.34867,1.798421,0.025757,38.385967,1
15:47:03	0.33761,1.801590,0.025345,37.772094,1
15:47:03	0.30976,1.804624,0.024277,36.180736,1
15:47:03	0.29603,1.807567,0.023733,35.369609,1
15:47:03	0.28992,1.810503,0.023487,35.003070,1
15:47:03	0.21897,1.813055,0.020412,30.419729,1
15:47:04	-0.02785,1.813055,0.020412,30.419729,1
15:47:04	-0.24186,1.813055,0.020412,30.419729,1
15:47:04	-0.28382,1.813055,0.020412,30.419729,1
15:47:04	-0.30900,1.813055,0.020412,30.419729,1
15:47:04	-0.31434,1.813055,0.020412,30.419729,1
15:47:04	-0.32197,1.813055,0.020412,30.419729,1
15:47:04	-0.32807,1.813055,0.020412,30.419729,1
15:47:04	-0.31434,1.813055,0.020412,30.419729,1
15:47:05	-0.28458,1.813055,0.020412,30.419729,1
15:47:05	-0.28191,1.813055,0.020412,30.419729,1
15:47:05	-0.29068,1.813055,0.020412,30.419729,1
15:47:05	-0.21630,1.813055,0.020412,30.419729,1
15:47:05	-0.09422,1.813055,0.020412,30.419729,1
15:47:05	0.32120,1.816120,0.024722,36.843036,1
15:47:05	0.43793,1.819728,0.028866,43.019992,1
15:47:05	0.45892,1.823422,0.029550,44.038471,1
15:47:06	0.45090,1.827054,0.029291,43.652400,1
15:47:06	0.47265,1.830803,0.029989,44.692543,1
15:47:06	0.49439,1.834637,0.030671,45.709018,1
15:47:06	0.47265,1.838385,0.029989,44.692543,1
15:47:06	0.50927,1.842245,0.031129,46.391674,1
15:47:06	0.45357,1.845917,0.029377,43.781467,1
15:47:06	0.45892,1.849611,0.029550,44.038471,1
15:47:06	0.41238,1.853084,0.028011,41.745750,1
15:47:07	0.40742,1.856537,0.027842,41.493976,1
15:47:07	0.36469,1.859829,0.026342,39.258014,1
15:47:07	0.35401,1.863074,0.025953,38.678833,1
15:47:07	0.29946,1.866034,0.023870,35.574127,1
15:47:07	0.04540,1.867195,0.009294,13.850737,1
15:47:07	-0.27390,1.867195,0.009294,13.850737,1
15:47:07	-0.34142,1.867195,0.009294,13.850737,1
15:47:07	-0.35439,1.867195,0.009294,13.850737,1
15:47:08	-0.33875,1.867195,0.009294,13.850737,1
15:47:08	-0.32120,1.867195,0.009294,13.850737,1
15:47:08	-0.28115,1.867195,0.009294,13.850737,1
15:47:08	-0.26894,1.867195,0.009294,13.850737,1
15:47:08	-0.24605,1.867195,0.009294,13.850737,1
15:47:08	-0.03586,1.867195,0.009294,13.850737,1
15:47:08	0.32807,1.870293,0.024985,37.234767,1
15:47:09	0.39673,1.873728,0.027475,40.946434,1
15:47:09	0.39521,1.877156,0.027422,40.867614,1
15:47:09	0.40475,1.880624,0.027751,41.357765,1
15:47:09	0.38643,1.883987,0.027116,40.411422,1
15:47:09	0.36889,1.887299,0.026493,39.483226,1
15:47:09	0.36622,1.890598,0.026397,39.340061,1
15:47:09	0.34257,1.893764,0.025531,38.048500,1
15:47:09	0.34714,1.896977,0.025701,38.301883,1
15:47:09	0.31510,1.900037,0.024486,36.491306,1
15:47:10	0.29335,1.902990,0.023626,35.209720,1
15:47:10	0.24338,1.905637,0.021520,32.070796,1
15:47:10	0.22507,1.908224,0.020694,30.840785,1
15:47:10	0.04616,1.909396,0.009372,13.966644,1
15:47:10	-0.21210,1.909396,0.009372,13.966644,1
15:47:10	-0.24453,1.909396,0.009372,13.966644,1
15:47:10	-0.26894,1.909396,0.009372,13.966644,1
15:47:10	-0.24605,1.909396,0.009372,13.966644,1
15:47:11	-0.24071,1.909396,0.009372,13.966644,1
15:47:11	-0.24605,1.909396,0.009372,13.966644,1
15:47:11	-0.22507,1.909396,0.009372,13.966644,1
15:47:11	-0.22011,1.909396,0.009372,13.966644,1
15:47:11	-0.21820,1.909396,0.009372,13.966644,1
15:47:11	-0.18692,1.909396,0.009372,13.966644,1
15:47:11	-0.19036,1.909396,0.009372,13.966644,1
15:47:11	-0.09957,1.909396,0.009372,13.966644,1
15:47:12	0.00458,1.909765,0.002951,4.398352,1
15:47:12	0.17739,1.912043,0.018372,27.379524,1
15:47:12	0.29145,1.914986,0.023549,35.095066,1
15:47:12	0.26207,1.917778,0.022331,33.279575,1
15:47:12	0.29412,1.920711,0.023656,35.255477,1
15:47:12	0.29679,1.923681,0.023764,35.415157,1
15:47:12	0.35477,1.926929,0.025981,38.720493,1
15:47:12	0.35668,1.930186,0.026051,38.824440,1
15:47:13	0.36812,1.933467,0.026466,39.442375,1
15:47:13	0.39406,1.936890,0.027382,40.808399,1
15:47:13	0.38376,1.940241,0.027022,40.271553,1
15:47:13	0.39673,1.943648,0.027475,40.946434,1
15:47:13	0.38643,1.947037,0.027116,40.411422,1
15:47:13	0.39139,1.950448,0.027289,40.669895,1
15:47:13	0.33646,1.953586,0.025302,37.708015,1
15:47:13	-0.02708,1.953586,0.025302,37.708015,1
15:47:14	-0.28191,1.953586,0.025302,37.708015,1
15:47:14	-0.31167,1.953586,0.025302,37.708015,1
15:47:14	-0.32731,1.953586,0.025302,37.708015,1
15:47:14	-0.32540,1.953586,0.025302,37.708015,1
15:47:14	-0.32311,1.953586,0.025302,37.708015,1
15:47:14	-0.31167,1.953586,0.025302,37.708015,1
15:47:14	-0.31777,1.953586,0.025302,37.708015,1
15:47:14	-0.29488,1.953586,0.025302,37.708015,1
15:47:15	-0.26703,1.953586,0.025302,37.708015,1
15:47:15	-0.09613,1.953586,0.025302,37.708015,1
15:47:15	0.29259,1.956535,0.023595,35.163902,1
15:47:15	0.37079,1.959855,0.026562,39.585170,1
15:47:15	0.36545,1.963125,0.026370,39.299057,1
15:47:15	0.36812,1.966433,0.026466,39.442375,1
15:47:15	0.33341,1.969582,0.025187,37.536613,1
15:47:16	0.33913,1.972757,0.025402,37.857357,1
15:47:16	0.34600,1.975939,0.025658,38.238693,1
15:47:16	0.33265,1.979083,0.025158,37.493644,1
15:47:16	0.30747,1.982083,0.024187,36.046813,1
15:47:16	0.22507,1.984649,0.020694,30.840785,1
15:47:16	0.25826,1.987420,0.022167,33.036476,1
15:47:16	0.19303,1.989815,0.019164,28.561082,1
15:47:16	0.14572,1.991880,0.016652,24.815959,1
15:47:16	0.01564,1.992562,0.005455,8.130015,1
15:47:17	0.00954,1.993094,0.004260,6.348474,1
15:47:17	0.00801,1.993582,0.003904,5.818473,1
15:47:17	0.01068,1.994141,0.004508,6.718595,1
15:47:17	0.00877,1.994652,0.004086,6.089243,1
15:47:17	0.00877,1.995159,0.004086,6.089243,1
15:47:17	0.00877,1.995669,0.004086,6.089243,1
15:47:17	0.00954,1.996202,0.004260,6.348474,1
15:47:18	0.00801,1.996682,0.003904,5.818473,1
15:47:18	0.00954,1.997215,0.004260,6.348474,1
15:47:18	0.00877,1.997725,0.004086,6.089243,1
15:47:18	0.01221,1.998323,0.004819,7.182479,1
15:47:18	0.00877,1.998834,0.004086,6.089243,1
15:47:18	0.00801,1.999322,0.003904,5.818473,1
15:47:18	0.01068,1.999880,0.004508,6.718595,1
15:47:18	0.00877,2.000391,0.004086,6.089243,1
15:47:18	0.00954,2.000924,0.004260,6.348474,1
15:47:19	0.00954,2.001452,0.004260,6.348474,1
15:47:19	0.00801,2.001940,0.003904,5.818473,1
15:47:19	0.01068,2.002504,0.004508,6.718595,1
15:47:19	0.00877,2.003006,0.004086,6.089243,1
15:47:19	0.00801,2.003494,0.003904,5.818473,1
15:47:19	0.01068,2.004058,0.004508,6.718595,1
15:47:19	0.00954,2.004586,0.004260,6.348474,1
15:47:19	0.00877,2.005097,0.004086,6.089243,1
15:47:20	0.01068,2.005656,0.004508,6.718595,1
15:47:20	0.01068,2.006220,0.004508,6.718595,1
